#1
double tab1(181,14)
0	44267.24	3	2	0	62.5	62.68	58.38	44.6	262.5	186.16	48.83997045	31.93117322	80.77114367
1	44267.24	3	2	0	62.5	62.71	58.31	44.6	260.25	184.63	50.05667586	34.29503588	84.35171173
2	44267.24	3	2	0	62.4	62.75	58.21	44.6	297.15	200.49	49.65710741	33.05906721	82.71617462
3	44267.24	3	2	0	62.4	62.79	58.11	44.4	294.61	205.55	50.76916086	34.29907611	85.06823697
4	44267.24	3	2	0	62.4	62.82	58.08	44.3	303.76	208.47	51.95083847	35.21721588	87.16805435
5	44267.24	3	2	0	62.4	62.86	58.06	44.2	325.42	230.31	327.2846268	234.7713703	562.0559971
6	44267.24	3	2	0	62.4	62.86	58.04	44.2	327.55	231.49	881.7344487	827.5245529	1709.259002
7	44267.24	3	2	0	62.5	62.87	64.87	44.2	300.98	242.38	1058.976951	965.2757294	2024.25268
8	44267.25	3	2	0	62.5	62.87	72.84	44.2	275.95	236.4	1155.851905	1037.806119	2193.658024
9	44267.25	3	2	0	62.5	62.92	78.42	44.2	257.48	233.53	1216.229383	1081.985101	2298.214485
10	44267.25	3	2	0	62.4	63.19	82.82	44.2	256.06	231.85	645.5260084	566.0070249	1211.533033
11	44267.25	3	2	0	62.4	63.68	87.09	44.3	253.58	227.14	51.98485888	35.6704198	87.65527868
12	44267.25	3	2	0	62.4	64.2	83.54	44.3	307.06	232.05	51.70711276	34.61624799	86.32336075
13	44267.25	3	2	0	62.6	64.7	79.85	44.2	335.87	240.13	840.1821983	781.3002225	1621.482421
14	44267.25	3	2	0	62.8	64.91	80.08	44.2	333.03	240.49	1102.553146	998.0872381	2100.640384
15	44267.25	3	2	0	63	65.09	86.82	44.2	297.74	234.25	653.1861133	579.3394758	1232.525589
16	44267.25	3	2	0	63	65.3	90.81	44.2	284.22	232.2	51.15943642	34.65926919	85.81870561
17	44267.25	3	2	0	63	65.79	87.32	44.2	331.15	236.81	51.19796123	34.6164437	85.81440493
18	44267.25	3	2	0	63.2	66.12	83.77	44.2	346.08	239.98	713.6749485	664.2646822	1377.939631
19	44267.25	3	2	0	63.3	66.31	81.7	44.2	357.65	241.72	1074.364516	980.1790232	2054.543539
20	44267.25	3	2	0	63.4	66.4	88.31	44.2	308.13	235.32	668.2656396	595.5640238	1263.829663
21	44267.25	3	2	0	63.6	66.56	92.46	44.1	292.36	230.31	50.93677226	34.45268384	85.3894561
22	44267.25	3	2	0	63.6	66.95	88.8	44.2	331.15	239.62	50.67511023	34.89609253	85.57120275
23	44267.26	3	2	0	63.6	67.23	85.53	44.4	349.56	238.75	603.1119027	560.2509505	1163.362853
24	44267.26	3	2	0	63.8	67.37	82.1	44.4	369.93	247.19	1063.826377	972.2834203	2036.109798
25	44267.26	3	2	0	64	67.35	88.34	44.3	321.52	240.8	722.7983313	644.3239068	1367.122238
26	44267.26	3	2	0	63.9	67.42	92.74	44.3	295.2	235.68	50.64082332	34.23622284	84.87704616
27	44267.26	3	2	0	63.9	67.69	90.29	44.2	320.23	237.17	50.60278876	34.5122759	85.11506466
28	44267.26	3	2	0	63.9	67.88	86.42	44.1	350.63	243.56	494.450242	439.9102858	934.3605279
29	44267.26	3	2	0	64.1	67.96	82.76	44.1	369.04	246.12	1045.907106	958.1341599	2004.041266
30	44267.26	3	2	0	64.1	67.98	87.75	44.1	327.43	238.34	827.7698261	738.6850251	1566.454851
31	44267.26	3	2	0	64.2	67.94	92.94	44.2	298.03	235.07	50.96237139	34.57227474	85.53464613
32	44267.26	3	2	0	64.1	68.16	91.19	44.2	319.81	239.21	51.30756814	35.17003375	86.47760189
33	44267.26	3	2	0	64.3	68.38	87.01	44.3	349.92	243.05	345.6090808	316.055111	661.6641918
34	44267.26	3	2	0	64.5	68.49	83.43	44.3	366.21	247.4	1025.099467	945.6329651	1970.732433
35	44267.26	3	2	0	64.5	68.42	86.54	44.1	334.98	244.02	942.5315316	844.4927377	1787.024269
36	44267.26	3	2	0	64.5	68.33	92.56	44.2	303.28	236.81	50.20754456	35.08984264	85.2973872
37	44267.27	3	2	0	64.3	68.49	92.66	44.1	313.08	237.73	50.5131606	35.60919378	86.12235438
38	44267.27	3	2	0	64.4	68.74	87.8	44.1	350.92	243.61	227.6392515	203.2065148	430.8457663
39	44267.27	3	2	0	64.5	68.86	83.84	44.1	374.06	247.91	1004.752548	934.0759685	1938.828516
40	44267.27	3	2	0	64.7	68.76	86.13	44.2	339.41	250.26	1080.733664	970.3114641	2051.045128
41	44267.27	3	2	0	64.7	68.69	92.21	44.2	303.7	239.21	50.32558613	35.1972449	85.52283103
42	44267.27	3	2	0	64.6	68.82	93.52	44.2	307	237.98	50.96034441	35.39254735	86.35289176
43	44267.27	3	2	0	64.6	69.08	88.14	44.2	352.63	246.73	189.5226393	99.32538449	288.8480238
44	44267.27	3	2	0	64.7	69.16	84.84	44.2	364.73	249.96	959.7684153	894.3081406	1854.076556
45	44267.27	3	2	0	64.7	69.12	84.45	44.2	349.33	256.4	1193.552092	1073.198736	2266.750828
46	44267.27	3	2	0	64.9	68.95	91.15	44.2	309.36	241.36	145.5321439	120.4956479	266.0277918
47	44267.27	3	2	0	64.8	69.06	94.06	44.3	303.05	243.2	50.21637081	35.15309562	85.36946643
48	44267.27	3	2	0	64.9	69.27	89.1	44.3	343.07	244.23	51.12259866	34.84050081	85.96309947
49	44267.27	3	2	0	64.9	69.39	85.59	44.2	361.01	246.37	892.6729031	768.224206	1660.897109
50	44267.27	3	2	0	64.9	69.36	83.18	44.2	366.98	248.78	1155.268079	1046.684041	2201.95212
51	44267.28	3	2	0	65	69.24	90.04	44.2	312.49	242.59	389.5448929	340.2105537	729.7554466
52	44267.28	3	2	0	64.9	69.23	94.78	44.2	294.19	237.52	50.60193733	34.67280313	85.27474046
53	44267.28	3	2	0	64.9	69.44	89.89	44.2	333.63	243.05	50.58562683	34.96134176	85.54696859
54	44267.28	3	2	0	64.9	69.58	86.03	44.2	361.37	245.56	578.9568948	538.4971059	1117.454001
55	44267.28	3	2	0	65.1	69.58	83.18	44.3	369.93	250.52	1110.273963	1013.225955	2123.499918
56	44267.28	3	2	0	65.1	69.42	89.21	44.3	320.17	240.95	627.6305073	555.9764571	1183.606964
57	44267.28	3	2	0	65.1	69.4	94.19	44.2	294.73	235.02	50.89673459	34.96774793	85.86448252
58	44267.28	3	2	0	65	69.6	90.9	44.1	330.56	235.02	50.61654203	35.21448328	85.8310253
59	44267.28	3	2	0	65.1	69.75	86.65	44	357.89	242.08	392.5791477	361.5959854	754.175133
60	44267.28	3	2	0	65.1	69.77	83.42	44.1	373.23	245.35	1064.538851	980.0320257	2044.570877
61	44267.28	3	2	0	65.1	69.67	87.45	44.1	332.44	241.16	871.8349279	778.330157	1650.165085
62	44267.28	3	2	0	65.3	69.59	92.93	44	299.63	231.95	50.58024562	34.74029741	85.32054303
63	44267.28	3	2	0	65.1	69.73	91.91	44	321.35	234.91	50.49270832	34.93850522	85.43121353
64	44267.28	3	2	0	65.2	69.92	87.23	44.1	351.86	238.85	315.2474697	221.6916286	536.9390983
65	44267.28	3	2	0	65.2	69.94	84.27	44.2	362.19	242.54	1025.73528	950.9695979	1976.704878
66	44267.29	3	2	0	65.5	69.85	86.39	44.2	343.78	241.57	1075.289819	964.5537455	2039.843565
67	44267.29	3	2	0	65.4	69.8	92.17	44.2	307.3	235.94	50.20277472	34.78474769	84.98752241
68	44267.29	3	2	0	65.4	69.84	93.25	44	314.03	234.76	50.67160173	34.64233589	85.31393763
69	44267.29	3	2	0	65.4	70.07	87.54	44.2	355.11	243	65.08144422	48.631111	113.7125552
70	44267.29	3	2	0	65.6	70.12	84.73	44.3	372.35	242.28	948.1712565	884.3555822	1832.526839
71	44267.29	3	2	0	65.6	70.02	83.82	44.2	369.93	245.3	1197.722135	1078.676171	2276.398307
72	44267.29	3	2	0	65.6	69.92	91.59	44.2	310.66	235.78	146.2705554	121.4885044	267.7590598
73	44267.29	3	2	0	65.6	69.97	94.59	44.2	299.68	235.38	50.63119712	34.67455364	85.30575076
74	44267.29	3	2	0	65.7	70.16	88.76	44.3	346.38	238.04	50.66381582	35.00640987	85.67022568
75	44267.29	3	2	0	65.7	70.27	85.57	44.3	369.34	246.89	733.2550598	683.2775334	1416.532593
76	44267.29	3	2	0	65.8	70.23	83.45	44.3	371.28	248.68	1155.141073	1047.457878	2202.59895
77	44267.29	3	2	0	65.9	70.11	89.93	44.2	317.98	235.38	392.596987	343.1777254	735.7747124
78	44267.29	3	2	0	65.8	70.1	94.83	44	301.63	234.05	50.35817819	34.76512418	85.12330237
79	44267.29	3	2	0	65.9	70.29	89.93	44.2	341.06	242.69	50.1834762	34.90101056	85.08448676
80	44267.30	3	2	0	65.9	70.44	86.3	44.2	357.94	243.46	625.8229368	519.2302367	1145.053174
81	44267.30	3	2	0	66	70.38	82.97	44.2	371.28	247.81	1108.438232	1012.496562	2120.934795
82	44267.30	3	2	0	66.2	70.28	88.68	44.3	325.13	238.8	648.7620695	573.2187132	1221.980783
83	44267.30	3	2	0	66.1	70.2	94.22	44.4	292.25	239.52	50.64234087	34.74628381	85.38862468
84	44267.30	3	2	0	66.1	70.39	91.17	44.5	334.86	241.41	50.69664464	34.69750576	85.3941504
85	44267.30	3	2	0	66.1	70.54	86.89	44.6	356.47	245.76	293.1761034	266.9797257	560.155829
86	44267.30	3	2	0	66.3	70.57	84.05	44.6	376.83	249.44	1046.715928	967.1571009	2013.873029
87	44267.30	3	2	0	66.3	70.46	86.97	44.7	341.77	239.83	957.4528597	853.6826931	1811.135553
88	44267.30	3	2	0	66.3	70.37	92.94	44.7	301.28	238.29	49.97070781	34.78486234	84.75557015
89	44267.30	3	2	0	66.4	70.46	92.7	44.8	316.21	237.47	50.55296201	34.77461771	85.32757972
90	44267.30	3	2	0	66.3	70.64	88.11	44.9	351.16	243.2	188.7017906	100.9475481	289.6493387
91	44267.30	3	2	0	66.4	70.66	84.49	44.9	372.35	248.32	975.694516	907.5128693	1883.207385
92	44267.30	3	2	0	66.5	70.59	84.47	44.9	355.58	245.56	1212.059074	1088.694666	2300.753741
93	44267.30	3	2	0	66.5	70.48	92.41	44.9	304.05	234.71	51.90504672	36.71577034	88.62081706
94	44267.30	3	2	0	66.4	70.54	93.94	44.8	312.38	234.45	50.15408214	34.89388422	85.04796636
95	44267.31	3	2	0	66.5	70.73	89.18	44.7	345.43	239.62	51.30533516	35.35322578	86.65856094
96	44267.31	3	2	0	66.6	70.84	85.65	44.8	367.63	244.89	774.5517516	713.6933108	1488.245062
97	44267.31	3	2	0	66.8	70.78	83.24	44.9	373.82	247.86	1180.862771	1065.296853	2246.159624
98	44267.31	3	2	0	66.8	70.64	90.77	45.2	311.43	239.26	317.017643	274.3823449	591.3999879
99	44267.31	3	2	0	66.7	70.64	94.92	45.4	297.91	235.94	50.14634181	35.05444128	85.20078309
100	44267.31	3	2	0	66.8	70.9	89.68	45.7	342.95	239.16	50.75847723	34.90769809	85.66617532
101	44267.31	3	2	0	66.8	71	86.07	46	362.02	243.41	583.6165698	478.940622	1062.557192
102	44267.31	3	2	0	67	71.01	83.25	46.2	375.12	248.93	1115.377087	1017.23721	2132.614296
103	44267.31	3	2	0	67	70.95	89.2	46.5	326.36	240.7	620.4740886	546.744079	1167.218168
104	44267.31	3	2	0	67	70.88	94.72	46.7	293.55	234.91	50.87931288	34.97354403	85.8528569
105	44267.31	3	2	0	66.9	71.08	91.32	47	332.09	242.54	50.66854011	34.72745912	85.39599923
106	44267.31	3	2	0	66.9	71.25	87.6	47.3	356.65	241.67	279.0154758	187.1930779	466.2085537
107	44267.31	3	2	0	67.2	71.28	84.38	47.5	371.52	244.38	1024.891057	949.1308568	1974.021914
108	44267.31	3	2	0	67.2	71.24	86.71	47.7	340.12	242.03	1037.173333	923.0707331	1960.244066
109	44267.32	3	2	0	67.2	71.13	93.53	47.9	293.9	231.38	50.22227104	34.26554728	84.48781832
110	44267.32	3	2	0	67.2	71.22	93.88	48.1	304.05	229.24	50.50510571	35.07605574	85.58116145
111	44267.32	3	2	0	67.2	71.46	89.36	48.3	346.08	238.6	50.66397056	35.35350924	86.0174798
112	44267.32	3	2	0	67.2	71.57	86.2	48.4	369.16	246.89	590.9591062	547.3512445	1138.310351
113	44267.32	3	2	0	67.4	71.57	83.48	48.6	379.25	247.6	1151.50315	1043.47995	2194.9831
114	44267.32	3	2	0	67.4	71.48	90.89	48.7	316.33	238.6	485.6919257	424.2531352	909.9450608
115	44267.32	3	2	0	67.3	71.47	96.01	48.8	280.38	225.6	50.17201854	34.62361807	84.79563661
116	44267.32	3	2	0	67.4	71.65	91.93	49	313.79	231.95	50.74044364	34.95146353	85.69190718
117	44267.32	3	2	0	67.4	71.83	88.13	49.1	349.15	240.64	50.67267752	34.57594633	85.24862384
118	44267.32	3	2	0	67.6	71.87	85.48	49.4	366.62	246.73	957.8675318	887.1944001	1845.061932
119	44267.32	3	2	0	67.6	71.82	86.05	49.4	354.93	245.4	1245.988329	1110.762886	2356.751215
120	44267.32	3	2	0	67.6	71.72	93.5	49.7	294.37	229.54	54.83978016	39.47296351	94.31274367
121	44267.32	3	2	0	67.7	71.78	95.59	49.8	287.58	229.49	50.81347125	34.6310581	85.44452935
122	44267.32	3	2	0	67.6	72.04	90.57	50	337.93	237.37	51.20402553	34.67747971	85.88150523
123	44267.33	3	2	0	67.7	72.15	87.41	50.2	369.69	239.26	230.8275374	204.3594396	435.186977
124	44267.33	3	2	0	67.8	72.16	84.57	50	366.62	238.5	1069.742002	981.4262243	2051.168227
125	44267.33	3	2	0	68	72.09	87.96	50.2	327.07	236.35	979.0386345	865.3743847	1844.413019
126	44267.33	3	2	0	67.9	72	94.96	50.2	263.32	215.37	49.18294008	33.20675232	82.3896924
127	44267.33	3	2	0	67.8	72.08	94.58	50.2	281.56	219.41	50.25639698	34.62846674	84.88486372
128	44267.33	3	2	0	67.9	72.2	90.94	50.5	309.13	220.54	51.17184829	35.01564327	86.18749156
129	44267.33	3	2	0	67.9	72.37	87.36	50.7	368.63	232.31	336.0403228	242.3901297	578.4304525
130	44267.33	3	2	0	67.9	72.38	84.76	50.8	379.08	240.8	1051.843334	969.3904912	2021.233826
131	44267.33	3	2	0	68.1	72.3	87.88	50.8	335.4	244.99	967.4062495	858.6790601	1826.08531
132	44267.33	3	2	0	68.1	72.28	95.51	50.7	296.14	237.63	50.89006599	34.95627981	85.8463458
133	44267.33	3	2	0	67.9	72.4	94.85	50.7	317.22	236.14	50.76174043	34.81606737	85.57780779
134	44267.33	3	2	0	68	72.66	89.93	50.4	352.22	244.69	50.9316363	35.17202659	86.10366289
135	44267.33	3	2	0	68.2	72.74	87.02	50.7	374.35	249.14	427.7259602	353.3184712	781.0444315
136	44267.33	3	2	0	68.2	72.75	85.06	50.8	376.72	256.55	1099.747041	1004.098846	2103.845887
137	44267.33	3	2	0	68.2	72.62	89.12	50.7	327.55	240.03	780.5838914	686.6456102	1467.229502
138	44267.34	3	2	0	68.3	72.55	95.55	50.7	283.51	219.16	50.58590821	34.96159524	85.54750345
139	44267.34	3	2	0	68.2	72.68	94.71	50.8	302.28	221.92	50.89073983	34.64892573	85.53966557
140	44267.34	3	2	0	68.3	72.89	90.5	50.9	353.28	235.02	50.59858838	34.14372155	84.74230993
141	44267.34	3	2	0	68.6	72.97	86.96	50.9	372.94	233.79	457.0311299	419.7687062	876.7998361
142	44267.34	3	2	0	68.6	72.94	84.69	50.9	344.72	219.06	1143.279889	1037.353679	2180.633568
143	44267.34	3	2	0	68.8	72.83	88.99	51.1	303.76	215.94	707.4315517	614.1229602	1321.554512
144	44267.34	3	2	0	68.7	72.75	95.26	51.1	235.52	192.25	47.85844972	32.12194808	79.9803978
145	44267.34	3	2	0	68.6	72.77	95.03	51.4	246.09	181.76	49.04294712	33.54244231	82.58538943
146	44267.34	3	2	0	68.7	72.83	91.62	51.3	298.98	192.91	50.01085847	33.79947216	83.81033063
147	44267.34	3	2	0	68.7	72.95	88.54	51.3	330.02	198.29	49.21369695	32.90713203	82.12082898
148	44267.34	3	2	0	68.9	72.96	85.99	51.4	342.13	210.15	1012.750443	904.2871577	1917.0376
149	44267.34	3	2	0	69	72.9	85.35	51.3	292.19	195.01	1335.029335	1171.542298	2506.571633
150	44267.34	3	2	0	69	72.8	93.11	51.3	240.72	187.18	66.08509102	48.99691748	115.0820085
151	44267.34	3	2	0	69	72.78	97.03	51.3	231.45	179.26	48.45635479	31.72502509	80.18137988
152	44267.35	3	2	0	69.1	72.86	93.79	51.7	257.3	179.97	48.15856748	31.90151758	80.06008505
153	44267.35	3	2	0	69.3	72.96	90.8	51.8	263.26	179.2	48.18228828	31.98495368	80.16724195
154	44267.35	3	2	0	69.3	72.96	88.56	51.9	280.15	191.43	47.47873749	31.62338665	79.10212414
155	44267.35	3	2	0	69.5	72.97	86.75	52.2	262.79	174.04	47.77154045	31.50777899	79.27931944
156	44267.35	3	2	0	69.5	72.9	84.93	52.4	265.8	174.8	47.77055503	30.82673051	78.59728554
157	44267.35	3	2	0	69.5	72.84	83.44	52.6	232.86	159.05	47.00403113	30.77410665	77.77813778
158	44267.35	3	2	0	69.4	72.77	82.2	52.4	228.2	150.97	47.11700264	30.71453615	77.83153879
159	44267.35	3	2	0	69.5	72.68	80.38	52.6	234.05	155.16	47.57850708	30.83883158	78.41733865
160	44267.35	3	2	0	69.6	72.61	79.15	53	232.81	158.38	47.27222557	31.0095413	78.28176687
161	44267.35	3	2	0	69.8	72.56	77.92	53	231.57	157.72	46.94750276	30.62730668	77.57480943
162	44267.35	3	2	0	69.9	72.5	77.29	53	198.69	142.52	47.18820026	30.00109713	77.18929738
163	44267.35	3	2	0	70.1	72.44	76.26	52.9	198.81	146.82	46.83776188	30.26681704	77.10457893
164	44267.35	3	2	0	70.1	72.39	75.89	53.2	160.38	129.38	46.52890503	29.8600307	76.38893573
165	44267.35	3	2	0	70.2	72.29	75.26	53.9	157.72	129.07	46.87249668	30.06676583	76.93926252
166	44267.35	3	2	0	70.2	72.26	74.76	54.6	141.49	123.14	46.47717302	30.16554888	76.6427219
167	44267.36	3	2	0	70.2	72.18	74.21	54.5	143.26	93.93	46.25604203	29.88658838	76.14263041
168	44267.36	3	2	0	70.3	72.17	73.82	54.5	137.06	105.54	46.60899288	30.19614957	76.80514244
169	44267.36	3	2	0	70.3	72.09	73.24	54	133.05	63.08	46.53225888	29.90170763	76.43396651
170	44267.36	3	2	0	70.3	72.04	72.82	53.7	122.31	67.43	46.19357309	29.31082823	75.50440133
171	44267.36	3	2	0	70.3	71.98	72.22	53.4	127.68	70.8	46.74753578	29.68102768	76.42856347
172	44267.36	3	2	0	70.3	71.97	71.72	53.8	135.59	59.8	46.59903939	29.60826334	76.20730273
173	44267.36	3	2	0	70.4	71.95	71.37	54.1	130.04	65.43	46.50970578	29.49322898	76.00293477
174	44267.36	3	2	0	70.4	71.89	70.84	54.6	136.12	62.26	46.27935238	29.73338938	76.01274177
175	44267.36	3	2	0	70.4	71.89	70.41	54.8	136.71	62.72	45.98493683	29.85717274	75.84210958
176	44267.36	3	2	0	70.4	71.88	70.04	54.8	137.71	60.88	46.33109877	29.71674967	76.04784843
177	44267.36	3	2	0	70.5	71.88	69.72	54.7	135.47	62.21	46.57951126	29.68641348	76.26592474
178	44267.36	3	2	0	70.5	71.89	69.24	54.7	141.08	57.5	46.49523338	29.23517751	75.73041089
179	44267.36	3	2	0	70.5	71.89	68.97	54.7	132.81	66.91	46.43906069	29.28161138	75.72067207
180	44267.36	3	2	0	70.5	71.91	68.69	55.2	135.88	62.46	46.32119488	29.43620838	75.75740326
