#1
double tab1(967,20)
0	44609.89	3	4	0	69.42	74.32	91.9	54.5	700.3	90.97	178	157	334	0	0	73	90	10	43
1	44609.89	3	4	0	69.53	74.89	89.4	55	766.5	83.41	697	657	1354	0	0	73	90	10	42
2	44609.89	3	4	0	69.66	74.84	84.3	55.1	769.5	83.09	1052	986	2038	1	0	73	90	10	43
3	44609.89	3	4	0	69.85	74.67	85.1	55.1	709.2	88.35	368	338	706	1	1	73	90	10	39
4	44609.89	3	4	0	70.04	74.92	90.8	55.1	685.1	94.05	88	76	164	1	1	73	90	10	38
5	44609.89	3	4	0	70.2	75.56	92.2	55.1	749.1	86.75	527	481	1008	0	0	73	90	10	38
6	44609.89	3	4	0	70.36	75.69	86.8	55.2	768	82.23	930	872	1802	0	0	73	90	10	37
7	44609.89	3	4	0	70.58	75.47	84.8	55.3	735.4	87.32	1110	1030	2140	1	0	73	90	10	36
8	44609.89	3	4	0	70.68	75.5	88.9	55.2	695.9	93.5	913	845	1759	1	1	73	90	10	36
9	44609.89	3	4	0	70.87	75.99	94.5	54.7	685.2	96.48	743	690	1433	1	1	73	90	10	34
10	44609.89	3	4	0	70.94	76.73	97.9	54.6	706.9	96.1	87	75	162	1	0	73	90	10	36
11	44609.89	3	4	0	71.05	77.21	98.3	54.8	713.4	94.71	133	110	243	0	0	73	90	10	34
12	44609.9		3	4	0	71.17	77.38	93.7	55.1	776.4	86.85	695	654	1349	0	0	73	90	10	34
13	44609.9		3	4	0	71.29	77.19	87.9	55.3	787	85.5	1086	1013	2099	1	0	73	90	10	33
14	44609.9		3	4	0	71.39	76.88	87.9	55.3	730.6	91.62	1151	1063	2214	1	1	73	90	10	32
15	44609.9		3	4	0	71.45	76.98	92.7	55.3	698.7	96.67	819	757	1576	1	1	73	90	10	33
16	44609.9		3	4	0	71.49	77.59	98	55.3	690.6	98.83	519	480	999	1	0	73	90	10	34
17	44609.9		3	4	0	71.52	78.17	99.7	55.5	714.4	97.77	87	75	162	1	0	73	90	10	33
18	44609.9		3	4	0	71.57	78.52	98.9	55.5	745.2	92.74	336	301	637	0	0	73	90	10	33
19	44609.9		3	4	0	71.63	78.59	93.1	55.4	797.1	87.57	832	779	1611	0	0	73	90	10	33
20	44609.9		3	4	0	71.72	78.17	87.8	55.2	765.6	88.67	1140	1056	2196	1	0	73	90	10	31
21	44609.9		3	4	0	71.8	77.96	90.5	55.4	715.4	95.03	101	90	192	1	1	73	90	10	32
22	44609.9		3	4	0	71.85	78.23	95.8	55.6	701.5	97.9	87	75	163	0	0	73	90	10	32
23	44609.9		3	4	0	71.92	78.62	94.1	55.6	770.9	88.57	698	650	1348	0	0	73	90	10	31
24	44609.9		3	4	0	72.01	78.39	88.9	55.5	782	85.3	756	706	1462	1	0	73	90	10	30
25	44609.9		3	4	0	72.06	78.06	88.4	55.7	730.2	91.47	403	371	774	1	0	73	90	10	31
26	44609.9		3	4	0	72.09	78.12	91.7	55.7	712.5	94.12	87	75	163	1	0	73	90	10	30
27	44609.91	3	4	0	72.16	78.36	93	55.7	770.8	88.32	416	383	799	0	0	73	90	10	30
28	44609.91	3	4	0	72.23	78.31	87.9	55.5	780.3	84.21	731	684	1415	0	0	73	90	10	29
29	44609.91	3	4	0	72.28	77.97	85.6	55.4	743.9	88.4	767	714	1481	1	0	73	90	10	29
30	44609.91	3	4	0	72.32	77.78	89.3	55.3	717.4	92.27	778	724	1502	1	0	73	90	10	28
31	44609.91	3	4	0	72.37	77.97	92.5	55.3	708.9	94.04	787	731	1518	1	0	73	90	10	27
32	44609.91	3	4	0	72.45	78.3	95.1	55.3	709	95.16	166	150	315	1	0	73	90	10	28
33	44609.91	3	4	0	72.48	78.62	96.8	55.3	713.6	95.88	87	75	163	1	0	73	90	10	28
34	44609.91	3	4	0	72.51	78.86	94.4	55.5	776.5	87.8	630	587	1217	0	0	73	90	10	28
35	44609.91	3	4	0	72.56	78.61	88.2	55.7	772.4	84.64	757	705	1462	0	0	73	90	10	26
36	44609.91	3	4	0	72.62	78.28	87.7	55.7	730.2	91.01	452	418	871	1	0	73	90	10	30
37	44609.91	3	4	0	72.67	78.3	91.1	55.8	715.3	93.91	87	75	163	1	0	73	90	10	26
38	44609.91	3	4	0	72.74	78.55	93	55.8	747.5	89.08	88	76	163	0	0	73	90	10	25
39	44609.91	3	4	0	72.78	78.55	88.6	55.7	775	84.59	88	76	164	0	0	73	90	10	25
40	44609.91	3	4	0	72.81	78.18	84	55.5	779.8	82	88	76	164	0	0	73	90	10	25
41	44609.92	3	4	0	72.85	77.76	80.4	55.3	782.8	79.96	88	76	164	0	0	73	90	10	24
42	44609.92	3	4	0	72.95	77.35	78.2	55.3	771.8	78.39	88	76	164	0	0	73	90	10	22
43	44609.92	3	4	0	73.02	76.92	76.6	55.3	759.9	77.22	88	76	165	0	0	73	90	10	21
44	44609.92	3	1	0	73.2	76.51	75.5	54.9	759.8	76.21	88	77	165	0	0	73	90	10	17
45	44609.92	3	1	0	73.3	76.08	74.5	54.9	761.5	75.23	89	77	165	0	0	73	90	10	0
46	44609.92	1	1	0	73.44	75.71	73.8	54.8	763.6	74.37	88	76	164	0	0	73	90	10	0
47	44609.92	1	1	0	73.5	75.35	73.3	54.8	742.3	73.65	88	76	165	0	0	73	90	10	0
48	44609.92	1	1	0	73.52	75.04	72.8	54.7	754	73.09	88	77	165	0	0	73	90	10	0
49	44609.92	1	1	0	73.54	74.73	72.3	54.7	745.8	72.57	88	77	165	0	0	73	90	10	0
50	44609.92	1	1	0	73.53	74.44	72	54.8	753.4	72.08	89	77	165	0	0	73	90	10	0
51	44609.92	1	1	0	73.47	74.17	71.6	54.5	741.7	71.69	89	77	166	0	0	73	90	10	0
52	44609.92	1	1	0	73.41	73.97	71.3	54.4	751.1	71.29	88	76	165	0	0	73	90	10	0
53	44609.92	1	1	0	73.37	73.75	71	54.3	736.4	71.01	89	77	166	0	0	73	90	10	0
54	44609.92	1	1	0	73.3	73.56	70.8	54.1	739.9	70.74	89	76	165	0	0	73	90	10	0
55	44609.93	1	1	0	73.26	73.38	70.6	53.8	736.7	70.45	88	77	165	0	0	73	90	10	0
56	44609.93	1	1	0	73.2	73.2	70.4	53.7	732	70.25	89	77	166	0	0	73	90	10	0
57	44609.93	1	1	0	73.1	73.05	70.2	53.6	740.1	70.03	89	77	166	0	0	73	90	10	0
58	44609.93	1	1	0	73.01	72.9	70	53.4	732.4	69.81	89	77	166	0	0	73	90	10	0
59	44609.93	1	1	0	72.93	72.75	69.9	53.1	735.8	69.6	313	288	601	0	0	73	90	10	0
60	44609.93	1	4	0	72.8	72.64	69.7	53	732.9	69.47	660	622	1282	0	0	73	90	10	7
61	44609.93	3	4	0	72.68	72.54	71.4	53	705.8	76	710	665	1375	1	0	73	90	10	8
62	44609.93	3	4	0	72.58	72.47	78.1	52.8	676.9	81.59	729	681	1410	1	0	73	90	10	8
63	44609.93	3	4	0	72.45	72.78	84.6	52.6	674.8	84.69	739	689	1428	1	0	73	90	10	12
64	44609.93	3	4	0	72.3	73.29	88.2	52.4	675.8	86.69	748	697	1444	1	0	73	90	10	13
65	44609.93	3	4	0	72.17	73.86	90.2	52.3	693.3	88.44	318	292	610	1	0	73	90	10	14
66	44609.93	3	4	0	72.07	74.5	91.9	52.3	691.6	90.05	88	76	164	1	0	73	90	10	14
67	44609.93	3	4	0	71.98	75.13	91.5	52.3	754.4	84.79	88	76	165	0	0	73	90	10	15
68	44609.93	3	4	0	71.9	75.36	86.2	52.4	776	80.4	426	394	820	0	0	73	90	10	16
69	44609.93	3	4	0	71.85	75.21	81	52.4	774.4	78.25	708	662	1370	0	0	73	90	10	16
70	44609.94	3	4	0	71.88	75	79.2	52.3	724.8	82.87	345	319	664	1	0	73	90	10	12
71	44609.94	3	4	0	71.96	74.92	83.7	52.5	702.8	87.38	88	76	164	1	0	73	90	10	12
72	44609.94	3	4	0	72.04	75.24	86.8	52.3	746.1	83.2	89	77	165	0	0	73	90	10	11
73	44609.94	3	4	0	72.12	75.45	83.1	52.1	758	79.31	88	76	165	0	0	73	90	10	10
74	44609.94	3	4	0	72.22	75.27	78.9	52.1	763.8	77.13	88	77	165	0	0	73	90	10	9
75	44609.94	3	4	0	72.33	75.05	76.4	52.1	770.4	75.71	88	77	165	0	0	73	90	10	5
76	44609.94	3	4	0	72.5	74.77	74.5	52.2	761.2	74.57	89	77	165	0	0	73	90	10	4
77	44609.94	3	4	0	72.64	74.5	73.3	52.3	760.6	73.58	89	77	165	0	0	73	90	10	4
78	44609.94	3	4	0	72.74	74.21	72.4	52.3	751.7	72.77	89	77	166	0	0	73	90	10	4
79	44609.94	3	4	0	72.81	73.96	71.8	52.4	749.7	72.11	89	77	165	0	0	73	90	10	4
80	44609.94	3	4	0	72.86	73.7	71.2	52.4	755.4	71.55	88	77	165	0	0	73	90	10	4
81	44609.94	3	4	0	72.9	73.47	70.8	52.4	746.8	71.05	89	77	166	0	0	73	90	10	4
82	44609.94	3	4	0	72.91	73.27	70.5	52.8	751.5	70.61	89	77	166	0	0	73	90	10	5
83	44609.94	3	4	0	72.88	73.11	70.2	52.8	747.9	70.28	89	77	166	0	0	73	90	10	7
84	44609.95	3	4	0	72.85	72.92	70	53.1	732.1	70	89	77	166	0	0	73	90	10	7
85	44609.95	3	4	0	72.77	72.75	69.8	53.2	739.7	69.76	89	77	166	0	0	73	90	10	9
86	44609.95	3	4	0	72.72	72.62	69.6	53.6	732.4	69.56	89	78	166	0	0	73	90	10	10
87	44609.95	3	4	0	72.6	72.47	69.5	54.3	730.2	69.44	89	78	166	0	0	73	90	10	13
88	44609.95	3	4	0	72.49	72.35	69.4	54.5	734	69.29	412	386	799	0	0	73	90	10	14
89	44609.95	3	4	0	72.38	72.22	69.3	54.4	732.1	69.15	682	640	1322	0	0	73	90	10	14
90	44609.95	3	4	0	72.29	72.15	71.3	53.7	692.3	75.98	722	674	1396	1	0	73	90	10	16
91	44609.95	3	4	0	72.19	72.16	79	53.4	674.7	81.84	734	685	1418	1	0	73	90	10	17
92	44609.95	3	4	0	72.09	72.46	84.2	53.7	681	84.55	741	691	1433	1	0	73	90	10	18
93	44609.95	3	4	0	72.01	72.94	87.8	53.6	691	86.88	749	699	1448	1	0	73	90	10	19
94	44609.95	3	4	0	71.91	73.56	90.2	53.4	691.9	88.51	194	177	371	1	0	73	90	10	21
95	44609.95	3	4	0	71.83	74.16	91.8	53.5	696.2	89.7	88	76	164	0	0	73	90	10	21
96	44609.95	3	4	0	71.76	74.87	89.8	53.6	755.7	82.89	598	552	1150	0	0	73	90	10	22
97	44609.95	3	4	0	71.72	74.88	84.6	53.8	772	79.87	726	679	1406	0	0	73	90	10	22
98	44609.95	3	4	0	71.71	74.79	83.2	54	724.8	85.94	753	701	1454	1	0	73	90	10	21
99	44609.96	3	4	0	71.75	74.98	87.5	54	706.4	89.86	197	179	375	1	0	73	90	10	21
100	44609.96	3	4	0	71.78	75.31	90.8	54.1	705.4	91.19	88	76	164	1	0	73	90	10	20
101	44609.96	3	4	0	71.83	75.85	90	54.3	749.9	84.36	88	76	164	0	0	73	90	10	20
102	44609.96	3	4	0	71.89	75.87	84.5	54	776.1	80.66	88	76	165	0	0	73	90	10	20
103	44609.96	3	4	0	71.92	75.69	80.4	53.8	771.7	78.59	193	156	348	0	0	73	90	10	19
104	44609.96	3	4	0	72.01	75.44	77.7	53.3	779.5	76.83	660	621	1281	0	0	73	90	10	16
105	44609.96	3	4	0	72.13	75.15	75.5	53.1	766.6	78.25	728	679	1408	1	0	73	90	10	15
106	44609.96	3	4	0	72.29	74.85	79.9	53.2	707.2	85.17	748	696	1443	1	0	73	90	10	13
107	44609.96	3	4	0	72.43	74.93	85.5	53.3	693.6	88.05	756	703	1459	1	0	73	90	10	13
108	44609.96	3	4	0	72.53	75.36	89.7	53	695.3	89.85	761	707	1468	1	0	73	90	10	13
109	44609.96	3	4	0	72.6	75.82	92.2	52.5	695.6	91.19	593	549	1142	1	0	73	90	10	13
110	44609.96	3	4	0	72.64	76.29	93.6	52.1	702.9	92.42	88	76	164	1	0	73	90	10	14
111	44609.96	3	4	0	72.64	76.73	94.5	52	732.4	90.23	88	76	165	0	0	73	90	10	15
112	44609.96	3	4	0	72.63	76.92	89.5	52.1	783.4	83.8	88	76	165	0	0	73	90	10	15
113	44609.97	3	4	0	72.62	76.7	84.5	51.8	783.4	80.87	88	76	165	0	0	73	90	10	15
114	44609.97	3	4	0	72.65	76.45	80	51.5	784.1	78.87	88	77	165	0	0	73	90	10	13
115	44609.97	3	4	0	72.71	76.11	77.4	51.4	766.9	77.3	89	77	165	0	0	73	90	10	12
116	44609.97	3	4	0	72.78	75.69	75.3	51.4	768.5	75.84	88	77	165	0	0	73	90	10	10
117	44609.97	3	4	0	72.89	75.34	74.1	51.7	768.4	74.76	89	76	165	0	0	73	90	10	9
118	44609.97	3	4	0	72.97	75.01	73.2	52.1	755.8	73.77	89	77	166	0	0	73	90	10	9
119	44609.97	3	4	0	73.08	74.64	72.4	52.2	756.9	73.02	89	77	166	0	0	73	90	10	8
120	44609.97	3	1	0	73.12	74.34	71.8	52	753.6	72.35	89	77	166	0	0	73	90	10	0
121	44609.97	1	1	0	73.15	74.04	71.3	52.1	747.5	71.7	89	77	166	0	0	73	90	10	0
122	44609.97	1	1	0	73.13	73.79	70.9	52.5	751.7	71.23	89	77	166	0	0	73	90	10	0
123	44609.97	1	1	0	73.08	73.54	70.6	52.5	754.3	70.78	89	77	166	0	0	73	90	10	0
124	44609.97	1	1	0	73.06	73.35	70.3	52.1	745.2	70.42	89	77	166	0	0	73	90	10	0
125	44609.97	1	1	0	73.01	73.16	70	51.8	739.3	70.1	89	77	166	0	0	73	90	10	0
126	44609.97	1	1	0	72.98	72.96	69.8	51.6	740	69.77	89	77	167	0	0	73	90	10	0
127	44609.98	1	4	0	72.94	72.8	69.6	51.4	737.7	69.51	89	77	166	0	0	73	90	10	5
128	44609.98	3	4	0	72.81	72.65	69.4	51.4	740.8	69.31	89	77	166	0	0	73	90	10	6
129	44609.98	3	4	0	72.68	72.49	69.3	51.5	744	69.11	89	77	167	0	0	73	90	10	8
130	44609.98	3	4	0	72.55	72.37	69.1	51.9	740.6	68.94	89	77	166	0	0	73	90	10	9
131	44609.98	3	4	0	72.44	72.25	69.1	52.1	734.3	68.82	89	77	166	0	0	73	90	10	10
132	44609.98	3	4	0	72.31	72.15	68.9	52.1	736.4	68.7	252	229	481	0	0	73	90	10	12
133	44609.98	3	4	0	72.18	72.04	68.8	52	741.3	68.57	655	617	1272	0	0	73	90	10	14
134	44609.98	3	4	0	72.08	71.92	69.7	52.3	710.9	73.7	709	663	1372	1	0	73	90	10	14
135	44609.98	3	4	0	72.02	71.86	76.3	52.3	685.7	80.01	733	684	1417	1	0	73	90	10	14
136	44609.98	3	4	0	71.93	72.11	82.7	52.3	684.1	83.44	743	692	1435	1	0	73	90	10	17
137	44609.98	3	4	0	71.81	72.61	86.5	53.4	681.3	85.49	1026	954	1980	1	0	73	90	10	19
138	44609.98	3	4	0	71.68	73.2	89.4	53.8	689.3	87.56	678	624	1302	1	0	73	90	10	21
139	44609.98	3	4	0	71.58	73.87	92.4	53.6	670.4	92.22	88	76	163	1	1	73	90	10	21
140	44609.98	3	4	0	71.49	74.64	94.4	54.1	723.1	87.57	354	325	679	0	0	73	90	10	22
141	44609.98	3	4	0	71.44	75.1	89.1	54.4	759.5	82.34	714	667	1380	0	0	73	90	10	21
142	44609.99	3	4	0	71.43	74.99	84.5	54.7	739.1	84.94	727	676	1403	1	0	73	90	10	21
143	44609.99	3	4	0	71.46	74.97	87.3	54.6	710	89.37	88	76	163	1	0	73	90	10	20
144	44609.99	3	4	0	71.49	75.41	90.8	55	713.8	89.84	88	76	165	0	0	73	90	10	19
145	44609.99	3	4	0	71.55	75.83	88.3	55.1	767.5	83.32	88	76	165	0	0	73	90	10	19
146	44609.99	3	4	0	71.59	75.73	83.3	55.1	771.8	80.16	662	617	1280	0	0	73	90	10	20
147	44609.99	3	4	0	71.66	75.53	79.6	55.2	780.3	78.8	735	685	1420	1	0	73	90	10	17
148	44609.99	3	4	0	71.82	75.31	81.4	55.5	716.4	86.98	95	82	177	1	0	73	90	10	14
149	44609.99	3	4	0	71.97	75.39	87.5	55.4	701.1	88.53	88	76	165	0	0	73	90	10	13
150	44609.99	3	4	0	72.09	75.74	86.4	55.5	755.4	81.94	88	77	165	0	0	73	90	10	14
151	44609.99	3	4	0	72.17	75.7	81.9	55.6	775.7	79.07	88	76	165	0	0	73	90	10	13
152	44609.99	3	4	0	72.28	75.46	78.7	55.4	767.4	77.37	89	77	165	0	0	73	90	10	10
153	44609.99	3	4	0	72.48	75.17	76.4	55.7	770.8	75.93	259	238	497	0	0	73	90	10	9
154	44609.99	3	4	0	72.56	74.89	74.7	55.8	750.4	74.95	679	638	1318	0	0	73	90	10	7
155	44609.99	3	4	0	72.75	74.61	74.2	55.8	731.9	79.4	738	687	1425	1	0	73	90	10	7
156	44610		3	4	0	72.81	74.4	80.8	55.9	687.7	85.36	672	624	1297	1	0	73	90	10	7
157	44610		3	4	0	72.89	74.66	86.5	55.8	686.9	88.05	88	76	163	1	0	73	90	10	7
158	44610		3	4	0	72.95	75.14	90.2	55.8	696.6	87.71	88	76	165	0	0	73	90	10	9
159	44610		3	4	0	72.93	75.57	87.5	55.9	756.4	81.03	88	77	165	0	0	73	90	10	9
160	44610		3	4	0	72.92	75.47	82.3	55.8	765.1	78.9	89	77	166	0	0	73	90	10	9
161	44610		3	4	0	72.92	75.25	78.7	55.6	765	77.07	89	77	165	0	0	73	90	10	8
162	44610		3	4	0	72.95	75.04	76.4	55.5	765.8	75.83	89	77	166	0	0	73	90	10	8
163	44610		3	4	0	72.97	74.76	74.7	55.6	770	74.81	89	77	166	0	0	73	90	10	8
164	44610		3	4	0	73	74.51	73.6	55.7	761.8	73.92	89	77	166	0	0	71	90	10	7
165	44610		3	4	0	73.02	74.21	72.8	55.7	754.7	73.14	89	77	166	0	0	71	90	10	7
166	44610		3	1	0	73.04	73.98	72.2	55.7	747.8	72.56	88	77	165	0	0	71	90	10	0
167	44610		3	1	0	73.03	73.72	71.7	55.7	752.4	71.98	89	77	165	0	0	71	90	10	0
168	44610		1	1	0	73.02	73.52	71.3	55.8	741.6	71.55	89	77	166	0	0	71	90	10	0
169	44610		1	1	0	73.03	73.34	71	55.8	738.4	71.16	89	77	166	0	0	71	90	10	0
170	44610		1	1	0	73	73.15	70.8	56	742	70.81	89	77	166	0	0	71	90	10	0
171	44610.01	1	1	0	72.95	72.96	70.6	56	735.3	70.57	89	77	166	0	0	71	90	10	0
172	44610.01	1	1	0	72.89	72.84	70.4	56	749.7	70.3	89	77	166	0	0	71	90	10	0
173	44610.01	1	1	0	72.81	72.66	70.2	55.9	736	70.08	89	77	166	0	0	71	90	10	0
174	44610.01	1	1	0	72.71	72.54	70	56	741.2	69.88	89	77	166	0	0	71	90	10	0
175	44610.01	1	1	0	72.59	72.41	69.9	56.1	738.1	69.75	89	77	166	0	0	71	90	10	0
176	44610.01	1	1	0	72.46	72.32	69.8	56.1	737	69.6	89	77	166	0	0	71	90	10	0
177	44610.01	1	1	0	72.36	72.22	69.7	56.3	738.1	69.47	89	77	166	0	0	71	90	10	0
178	44610.01	1	1	0	72.26	72.11	69.6	56.3	737.8	69.36	89	78	166	0	0	71	90	10	0
179	44610.01	1	1	0	72.18	72.01	69.5	56.3	737.7	69.27	89	77	166	0	0	71	90	10	0
180	44610.01	1	1	0	72.13	71.93	69.4	56.3	738.6	69.17	89	77	166	0	0	71	90	10	0
181	44610.01	1	1	0	72.07	71.87	69.4	56.1	735.6	69.07	89	77	166	0	0	71	90	10	0
182	44610.01	1	1	0	72	71.78	69.3	56.1	745.5	68.96	89	77	166	0	0	71	90	10	0
183	44610.01	1	1	0	71.93	71.72	69.2	56.1	728.3	68.87	89	77	166	0	0	71	90	10	0
184	44610.01	1	1	0	71.87	71.67	69.1	56.1	735.3	68.84	89	77	166	0	0	71	90	10	0
185	44610.02	1	1	0	71.8	71.63	69.1	56.1	739.1	68.76	89	77	167	0	0	71	90	10	0
186	44610.02	1	1	0	71.72	71.54	69	56.1	742.8	68.7	89	77	167	0	0	71	90	10	0
187	44610.02	1	1	0	71.68	71.49	68.9	56.1	737.8	68.66	89	77	166	0	0	71	90	10	0
188	44610.02	1	1	0	71.64	71.43	68.9	56.1	736.9	68.58	89	77	167	0	0	71	90	10	0
189	44610.02	1	1	0	71.59	71.37	68.8	55.3	735.1	68.48	89	77	166	0	0	71	90	10	0
190	44610.02	1	1	0	71.54	71.33	68.7	55.6	729.4	68.4	89	78	167	0	0	71	90	10	0
191	44610.02	1	1	0	71.51	71.26	68.7	55.6	744.7	68.38	89	77	166	0	0	71	90	10	0
192	44610.02	1	1	0	71.46	71.2	68.6	55.2	740	68.3	89	77	166	0	0	71	90	10	0
193	44610.02	1	1	0	71.39	71.15	68.5	54.8	738.6	68.21	89	77	166	0	0	71	90	10	0
194	44610.02	1	1	0	71.34	71.14	68.5	54.8	730.1	68.14	89	78	167	0	0	71	90	10	0
195	44610.02	1	1	0	71.29	71.08	68.4	54.8	727.8	68.11	89	78	167	0	0	71	90	10	0
196	44610.02	1	1	0	71.23	71.04	68.4	54.7	734.9	68.04	89	77	167	0	0	71	90	10	0
197	44610.02	1	1	0	71.17	71.03	68.3	54.1	732.3	67.94	90	77	167	0	0	71	90	10	0
198	44610.02	1	1	0	71.07	70.93	68.2	53.8	738.6	67.85	89	77	166	0	0	71	90	10	0
199	44610.03	1	1	0	71.01	70.89	68.1	53.8	731.6	67.79	89	77	166	0	0	71	90	10	0
200	44610.03	1	1	0	70.95	70.86	68.1	53.9	744.3	67.76	89	77	167	0	0	71	90	10	0
201	44610.03	1	1	0	70.9	70.81	68	53.8	738.1	67.68	396	372	768	0	0	71	90	10	0
202	44610.03	1	4	0	70.86	70.77	67.9	53.2	745.3	67.59	662	625	1287	0	0	71	90	10	5
203	44610.03	3	4	0	70.79	70.74	70.2	52.7	693.3	74.69	329	305	635	1	0	71	90	10	5
204	44610.03	3	4	0	70.7	70.79	77.3	52.3	670.5	80.28	89	77	166	1	0	71	90	10	7
205	44610.03	3	4	0	70.56	71.07	81.3	52.7	726.4	76.93	89	77	166	0	0	71	90	10	9
206	44610.03	3	4	0	70.49	71.45	77.7	52.5	742.5	73.07	89	77	166	0	0	71	90	10	9
207	44610.03	3	4	0	70.41	71.47	74.3	52.5	739.4	71.73	89	77	166	0	0	71	90	10	8
208	44610.03	3	4	0	70.42	71.44	72.2	52.2	747.5	70.86	89	77	166	0	0	71	90	10	7
209	44610.03	3	4	0	70.49	71.4	70.8	51.9	751.5	70.2	89	77	167	0	0	71	90	10	5
210	44610.03	3	4	0	70.55	71.35	69.8	51.8	744.5	69.66	89	78	167	0	0	71	90	10	4
211	44610.03	3	4	0	70.62	71.32	69.1	52.1	734.4	69.19	89	77	166	0	0	71	90	10	4
212	44610.03	3	4	0	70.67	71.23	68.8	52.1	749.9	68.82	89	78	167	0	0	71	90	10	4
213	44610.03	3	4	0	70.7	71.15	68.5	52.2	740.6	68.53	90	78	167	0	0	71	90	10	4
214	44610.04	3	4	0	70.73	71.1	68.3	52.5	741.5	68.28	219	198	417	0	0	71	90	10	5
215	44610.04	3	4	0	70.72	70.96	68.1	52.5	739.7	68.06	639	604	1243	0	0	71	90	10	5
216	44610.04	3	4	0	70.72	70.92	68.3	51.3	715.5	71.1	697	653	1349	1	0	71	90	10	5
217	44610.04	3	4	0	70.71	70.88	74.6	51.1	682.8	78.84	428	398	826	1	0	71	90	10	5
218	44610.04	3	4	0	70.65	71.05	81	50.7	682.9	82.22	88	77	165	1	0	71	90	10	7
219	44610.04	3	4	0	70.59	71.53	84.2	51.1	726.2	79.21	89	77	166	0	0	71	90	10	9
220	44610.04	3	4	0	70.51	71.89	80.5	51.1	741.7	74.74	89	77	166	0	0	71	90	10	10
221	44610.04	3	4	0	70.46	71.96	76.1	51.3	759.3	73.09	89	78	167	0	0	71	90	10	9
222	44610.04	3	4	0	70.5	71.86	73.5	51.5	754.1	71.97	89	78	167	0	0	71	90	10	7
223	44610.04	3	4	0	70.58	71.77	71.5	51.6	749.9	71.02	89	77	166	0	0	71	90	10	5
224	44610.04	3	4	0	70.62	71.66	70.4	51.2	747.5	70.31	89	78	167	0	0	71	90	10	4
225	44610.04	3	4	0	70.7	71.57	69.6	50.8	750.2	69.66	89	77	166	0	0	71	90	10	4
226	44610.04	3	4	0	70.75	71.43	69.1	50.8	744.4	69.18	89	78	167	0	0	71	90	10	4
227	44610.04	3	4	0	70.79	71.34	68.6	51.1	744.9	68.8	89	77	167	0	0	71	90	10	4
228	44610.05	3	4	0	70.8	71.23	68.4	51.1	738.8	68.48	89	78	167	0	0	71	90	10	5
229	44610.05	3	4	0	70.8	71.11	68.1	51.4	734.6	68.17	272	216	488	0	0	71	90	10	5
230	44610.05	3	4	0	70.8	71.02	68	51.5	747.4	67.95	640	605	1246	0	0	71	90	10	5
231	44610.05	3	4	0	70.77	70.93	68.1	51.3	716.4	72.09	698	654	1353	1	0	71	90	10	6
232	44610.05	3	4	0	70.72	70.85	74.9	51.1	691.5	78.7	712	666	1378	1	0	71	90	10	10
233	44610.05	3	4	0	70.64	71	80.6	50.7	682.1	81.74	623	582	1204	1	0	71	90	10	10
234	44610.05	3	4	0	70.49	71.41	84.6	50.1	682.1	83.73	88	77	165	1	0	71	90	10	12
235	44610.05	3	4	0	70.41	72.02	87.2	50.1	697.1	83.06	89	77	166	0	0	71	90	10	12
236	44610.05	3	4	0	70.37	72.54	83.5	50.1	748.8	77.37	89	77	166	0	0	71	90	10	11
237	44610.05	3	4	0	70.35	72.53	79	50.1	761.5	74.86	89	77	166	0	0	71	90	10	11
238	44610.05	3	4	0	70.43	72.44	75.4	50.1	758.3	73.35	89	77	166	0	0	71	90	10	8
239	44610.05	3	4	0	70.57	72.29	72.8	49.8	758.8	72.18	89	77	167	0	0	71	90	10	6
240	44610.05	3	4	0	70.67	72.11	71.2	49.7	766.6	71.19	89	78	167	0	0	71	90	10	4
241	44610.05	3	4	0	70.79	71.92	70.1	50.3	755.6	70.47	89	78	167	0	0	71	90	10	3
242	44610.05	3	4	0	70.9	71.75	69.4	50.6	746.8	69.81	89	77	167	0	0	71	90	10	2
243	44610.06	3	4	0	70.98	71.61	69	50.7	744.8	69.25	89	78	167	0	0	71	90	10	2
244	44610.06	3	1	0	71.03	71.48	68.6	50.9	748	68.84	89	77	166	0	0	71	90	10	0
245	44610.06	1	1	0	71.05	71.31	68.3	50.8	742.3	68.45	89	77	166	0	0	71	90	10	0
246	44610.06	1	1	0	71.04	71.18	68.1	50.8	740	68.16	89	77	167	0	0	71	90	10	0
247	44610.06	1	1	0	71.02	71.07	67.9	50.8	734.2	67.89	89	77	167	0	0	71	90	10	0
248	44610.06	1	4	0	70.99	70.96	67.7	50.7	744	67.62	89	77	167	0	0	71	90	10	0
249	44610.06	1	4	0	70.95	70.82	67.6	50.7	728.5	67.47	89	77	167	0	0	71	90	10	3
250	44610.06	3	4	0	70.89	70.75	67.5	50.7	737.7	67.3	90	78	168	0	0	71	90	10	5
251	44610.06	3	4	0	70.81	70.63	67.4	50.5	743.3	67.15	90	78	167	0	0	71	90	10	5
252	44610.06	3	4	0	70.7	70.54	67.2	50.7	739.8	67.04	90	77	167	0	0	71	90	10	8
253	44610.06	3	4	0	70.55	70.44	67.1	50.3	735.3	66.88	90	78	167	0	0	71	90	10	9
254	44610.06	3	4	0	70.45	70.38	67	50.1	736.8	66.74	258	238	496	0	0	71	90	10	11
255	44610.06	3	4	0	70.27	70.3	66.9	50.3	739	66.66	647	611	1257	0	0	71	90	10	14
256	44610.06	3	4	0	70.14	70.23	67.9	50.5	704.5	71.74	693	650	1344	1	0	71	90	10	13
257	44610.07	3	4	0	70.03	70.23	74.7	50.2	672	78.01	705	659	1365	1	0	71	90	10	15
258	44610.07	3	4	0	69.94	70.43	80.3	49.9	676.9	80.81	715	668	1383	1	0	71	90	10	16
259	44610.07	3	4	0	69.82	70.83	84	49.3	686.1	82.87	722	674	1396	1	0	71	90	10	18
260	44610.07	3	4	0	69.73	71.41	86.5	48.8	690.9	84.67	727	679	1406	1	0	71	90	10	18
261	44610.07	3	4	0	69.66	72.08	88.3	48.8	706.9	86.21	973	911	1884	1	0	71	90	10	20
262	44610.07	3	4	0	69.61	72.59	89.4	48.8	703.9	87.3	785	730	1515	1	0	71	90	10	19
263	44610.07	3	4	0	69.59	73.06	91.1	48.9	690.3	91.25	88	76	164	1	1	71	90	10	20
264	44610.07	3	4	0	69.55	73.74	93.5	48.6	722.5	88.23	88	77	165	0	0	71	90	10	21
265	44610.07	3	4	0	69.55	74.26	88.1	48.5	763.6	81.55	89	77	166	0	0	71	90	10	18
266	44610.07	3	4	0	69.63	74.1	82.3	48.5	788.1	78.62	89	77	165	0	0	71	90	10	15
267	44610.07	3	4	0	69.8	73.94	78.1	48.7	786.8	76.29	89	77	166	0	0	71	90	10	12
268	44610.07	3	4	0	70.02	73.64	74.9	49.1	771.2	74.78	89	77	166	0	0	71	90	10	8
269	44610.07	3	4	0	70.28	73.35	73	49.1	769.4	73.47	89	77	166	0	0	71	90	10	5
270	44610.07	3	4	0	70.54	73	71.6	49	768.2	72.27	89	77	166	0	0	71	90	10	3
271	44610.08	3	4	0	70.77	72.73	70.7	49	752.7	71.4	89	77	167	0	0	71	90	10	2
272	44610.08	3	4	0	70.95	72.47	70	49.1	755.6	70.49	89	77	166	0	0	71	90	10	1
273	44610.08	3	4	0	71.1	72.21	69.4	49.3	757.3	69.86	89	77	167	0	0	71	90	10	1
274	44610.08	3	4	0	71.2	71.98	68.9	48.8	746.5	69.27	89	77	167	0	0	71	90	10	1
275	44610.08	3	1	0	71.25	71.76	68.5	49.3	746.9	68.81	89	77	167	0	0	71	90	10	0
276	44610.08	1	1	0	71.26	71.58	68.3	49.6	747.3	68.43	89	77	167	0	0	71	90	10	0
277	44610.08	1	1	0	71.2	71.39	68	48.4	740.2	68	89	77	166	0	0	71	90	10	0
278	44610.08	1	1	0	71.15	71.23	67.7	47.8	738.6	67.67	90	78	167	0	0	71	90	10	0
279	44610.08	1	1	0	71.06	71.06	67.5	48.2	743.8	67.45	90	78	167	0	0	71	90	10	0
280	44610.08	1	1	0	71.02	70.95	67.4	48.7	741	67.27	90	78	167	0	0	71	90	10	0
281	44610.08	1	1	0	70.94	70.81	67.2	48.9	736	67.11	90	77	167	0	0	71	90	10	0
282	44610.08	1	4	0	70.85	70.66	67.1	49.1	725.7	66.94	89	77	167	0	0	71	90	10	5
283	44610.08	3	4	0	70.77	70.58	67	49.3	735.1	66.83	90	78	168	0	0	71	90	10	6
284	44610.08	3	4	0	70.69	70.46	66.9	49.8	737.1	66.74	89	78	167	0	0	72	90	10	7
285	44610.08	3	4	0	70.59	70.4	66.9	50.2	734.5	66.65	327	306	633	0	0	72	90	10	8
286	44610.09	3	4	0	70.42	70.32	66.8	50.4	739.3	66.6	967	919	1886	0	0	72	90	10	22
287	44610.09	3	4	0	70.28	70.25	68.2	50.5	700.7	73.19	941	880	1822	1	1	72	90	10	23
288	44610.09	3	4	0	70.14	70.21	76.5	49.8	660.9	81.29	730	680	1410	1	1	72	90	10	26
289	44610.09	3	4	0	70	70.58	84.4	49.3	663.1	83.98	725	677	1401	1	0	72	90	10	28
290	44610.09	3	4	0	69.86	71.27	87.1	48.6	678.8	84.51	1033	966	1999	1	0	72	90	10	29
291	44610.09	3	4	0	69.72	71.94	88.6	48.2	688.8	86.24	1096	1020	2116	1	1	72	90	10	32
292	44610.09	3	4	0	69.6	72.46	91	48.8	681.7	90.15	794	736	1531	1	1	72	90	10	33
293	44610.09	3	4	0	69.49	73.25	93.9	48.4	685	92.42	539	499	1038	1	0	72	90	10	33
294	44610.09	3	4	0	69.45	73.93	94.7	48.5	711.6	91.48	88	76	165	1	0	72	90	10	34
295	44610.09	3	4	0	69.4	74.54	93.9	48.4	747.3	86.83	279	255	534	0	0	72	90	10	34
296	44610.09	3	4	0	69.41	74.71	87.3	48.8	772.1	81.67	689	646	1334	0	0	72	90	10	32
297	44610.09	3	4	0	69.49	74.52	82.6	49.4	759.4	83.01	727	678	1405	1	0	72	90	10	29
298	44610.09	3	4	0	69.69	74.35	84.6	49.7	726.2	87.48	117	103	220	1	0	72	90	10	28
299	44610.09	3	4	0	69.82	74.57	88	49.1	715.9	88.55	88	77	165	0	0	72	90	10	27
300	44610.1		3	4	0	69.93	74.87	86.2	48.9	767.1	81.19	89	77	166	0	0	72	90	10	25
301	44610.1		3	4	0	70.1	74.76	81.2	49	780.6	78.19	528	494	1022	0	0	72	90	10	23
302	44610.1		3	4	0	70.28	74.44	77.3	48.9	771.7	76.27	703	658	1362	0	0	72	90	10	23
303	44610.1		3	4	0	70.46	74.12	77.9	49.2	723.9	83.14	732	683	1415	1	0	72	90	10	20
304	44610.1		3	4	0	70.68	74.04	83.1	49.5	706.6	86.01	742	691	1433	1	0	72	90	10	16
305	44610.1		3	4	0	70.9	74.3	87.1	49.5	714.1	87.74	749	697	1446	1	0	72	90	10	16
306	44610.1		3	4	0	71.07	74.69	89.3	49.5	715.5	88.86	748	695	1443	1	0	72	90	10	17
307	44610.1		3	4	0	71.22	75.04	91	49.7	705.6	89.9	90	79	169	1	0	72	90	10	17
308	44610.1		3	4	0	71.27	75.41	92.1	49.5	713.8	89.3	89	76	165	0	0	72	90	10	17
309	44610.1		3	4	0	71.35	75.69	88.4	49.3	771.6	82.65	89	76	165	0	0	72	90	10	17
310	44610.1		3	4	0	71.38	75.47	82.9	49.3	778.8	79.63	632	591	1224	0	0	72	90	10	16
311	44610.1		3	4	0	71.44	75.13	78.8	49.2	774.7	77.83	719	670	1389	1	0	72	90	10	16
312	44610.1		3	4	0	71.52	74.85	79.8	49.2	720.9	85.13	117	103	220	1	0	72	90	10	15
313	44610.1		3	4	0	71.58	74.83	84.8	49.4	715.4	86.05	88	77	165	0	0	72	90	10	14
314	44610.1		3	4	0	71.64	75.05	84	49.5	757.4	79.96	88	77	165	0	0	72	90	10	14
315	44610.11	3	4	0	71.68	74.91	79.5	49.6	769.6	77.09	89	77	165	0	0	72	90	10	15
316	44610.11	3	4	0	71.75	74.65	76.5	50	762.7	75.32	89	77	166	0	0	72	90	10	13
317	44610.11	3	4	0	71.85	74.25	74.1	49.9	770.8	74.05	89	77	166	0	0	72	90	10	11
318	44610.11	3	4	0	71.97	73.89	72.6	49.6	752.5	72.96	89	77	166	0	0	72	90	10	9
319	44610.11	3	1	0	72.06	73.55	71.6	49.3	758.9	72.11	89	76	166	0	0	72	90	10	0
320	44610.11	3	1	0	72.12	73.25	70.8	49.1	745.6	71.33	89	77	166	0	0	72	90	10	0
321	44610.11	1	1	0	72.17	72.97	70.2	49.1	747.8	70.7	89	77	167	0	0	72	90	10	0
322	44610.11	1	1	0	72.18	72.67	69.7	49.3	737.4	70.07	89	77	166	0	0	72	90	10	0
323	44610.11	1	1	0	72.17	72.43	69.3	49.7	734.4	69.6	89	78	167	0	0	72	90	10	0
324	44610.11	1	1	0	72.14	72.22	69	49.7	736.2	69.15	89	77	167	0	0	72	90	10	0
325	44610.11	1	1	0	72.09	71.99	68.7	49.9	747.8	68.8	89	77	166	0	0	72	90	10	0
326	44610.11	1	1	0	72	71.78	68.5	50	735.5	68.48	89	78	167	0	0	72	90	10	0
327	44610.11	1	1	0	71.88	71.64	68.3	50.1	733.6	68.23	89	78	167	0	0	72	90	10	0
328	44610.11	1	4	0	71.81	71.48	68.1	50	738.4	67.98	89	77	166	0	0	72	90	10	6
329	44610.12	3	4	0	71.71	71.31	67.9	49.8	736.3	67.77	89	77	167	0	0	72	90	10	7
330	44610.12	3	4	0	71.57	71.19	67.8	49.6	748.6	67.57	89	77	167	0	0	72	90	10	9
331	44610.12	3	4	0	71.44	71.07	67.6	49.7	734.5	67.42	89	78	167	0	0	72	90	10	10
332	44610.12	3	4	0	71.3	70.96	67.5	49.8	735.8	67.25	508	479	987	0	0	72	90	10	12
333	44610.12	3	4	0	71.19	70.82	67.4	50	732.9	67.15	683	642	1325	0	0	72	90	10	13
334	44610.12	3	4	0	71.08	70.72	70.6	50.4	685.5	75.27	711	666	1377	1	0	72	90	10	14
335	44610.12	3	4	0	71	70.73	77.3	50.9	682.5	79.67	722	674	1396	1	0	72	90	10	15
336	44610.12	3	4	0	70.91	71.05	82.2	51.2	668.8	82.53	843	789	1632	1	0	72	90	10	17
337	44610.12	3	4	0	70.81	71.55	85.9	51.3	690.4	84.44	1084	1010	2095	1	0	72	90	10	18
338	44610.12	3	4	0	70.73	72.14	88.1	51.1	680.1	87.94	997	924	1920	1	1	72	90	10	18
339	44610.12	3	4	0	70.64	72.82	91.8	50.8	680.1	91.26	772	717	1489	1	1	72	90	10	19
340	44610.12	3	4	0	70.61	73.61	94.6	51	696.1	92.19	243	222	465	1	0	72	90	10	20
341	44610.12	3	4	0	70.55	74.38	94.9	51.1	711.5	91.84	88	76	164	1	0	72	90	10	21
342	44610.12	3	4	0	70.52	74.89	92.8	50.8	768.5	84.76	89	77	165	0	0	72	90	10	20
343	44610.13	3	4	0	70.51	74.91	85.9	50.7	780.5	81.03	89	77	166	0	0	72	90	10	20
344	44610.13	3	4	0	70.51	74.69	80.8	50.6	773.5	78.48	89	77	166	0	0	73	90	10	21
345	44610.13	3	4	0	70.57	74.39	77.1	50.4	774.6	76.56	89	77	166	0	0	73	90	10	18
346	44610.13	3	4	0	70.7	74.07	74.7	50.3	766	75.11	89	77	166	0	0	73	90	10	26
347	44610.13	3	4	0	70.87	73.72	73	50.3	765.6	73.71	263	242	506	0	0	73	90	10	23
348	44610.13	3	4	0	71.07	73.38	71.9	50.7	757.9	72.72	661	623	1284	0	0	73	90	10	20
349	44610.13	3	4	0	71.24	73.07	71.4	50.9	721.4	75.92	735	687	1422	1	0	73	90	10	21
350	44610.13	3	4	0	71.36	72.83	76.9	51	689.7	81.65	1066	997	2063	1	0	73	90	10	21
351	44610.13	3	4	0	71.46	72.95	82.9	51.1	695.2	85.02	1092	1013	2105	1	1	73	90	10	21
352	44610.13	3	4	0	71.51	73.46	88.1	51.3	661.9	90.03	784	726	1511	1	1	73	90	10	23
353	44610.13	3	4	0	71.49	74.08	92.9	51.1	677.8	92.26	764	709	1473	1	0	73	90	10	25
354	44610.13	3	4	0	71.46	74.77	94.5	51.1	696.9	91.53	974	905	1879	1	0	73	90	10	27
355	44610.13	3	4	0	71.41	75.28	94.6	51.1	705.4	91.91	851	786	1637	1	0	73	90	10	26
356	44610.13	3	4	0	71.41	75.73	95.5	51.1	698.5	95.13	87	76	163	1	1	73	90	10	27
357	44610.13	3	4	0	71.41	76.2	97.6	51.3	734.9	93.46	88	76	164	0	0	73	90	10	27
358	44610.14	3	4	0	71.41	76.59	92.9	51.5	776.9	85.52	225	204	428	0	0	73	90	10	27
359	44610.14	3	4	0	71.4	76.39	86.5	51.7	781	82.01	686	643	1329	0	0	73	90	10	28
360	44610.14	3	4	0	71.42	76.04	81.3	51.9	754.8	82.71	739	688	1427	1	0	73	90	10	27
361	44610.14	3	4	0	71.44	75.75	83.7	51.8	722.4	88.04	757	704	1461	1	0	73	90	10	28
362	44610.14	3	4	0	71.49	75.8	88.2	51.7	709.4	90.29	353	325	679	1	0	73	90	10	27
363	44610.14	3	4	0	71.52	76.13	90.9	51.8	716	91.48	88	76	164	1	0	73	90	10	27
364	44610.14	3	4	0	71.55	76.48	91.1	51.9	760.1	85.84	449	417	866	0	0	73	90	10	27
365	44610.14	3	4	0	71.59	76.47	86	52.1	772	81.81	903	844	1747	0	0	73	90	10	27
366	44610.14	3	4	0	71.62	76.13	83.2	52.3	738.7	85.76	1122	1036	2158	1	0	73	90	10	28
367	44610.14	3	4	0	71.64	75.99	87	52.3	700.5	91.99	969	892	1861	1	1	73	90	10	28
368	44610.14	3	4	0	71.66	76.36	93	52	683.7	95.34	797	736	1533	1	1	73	90	10	28
369	44610.14	3	4	0	71.67	76.93	96.6	52	703.7	95.32	119	105	225	1	0	73	90	10	29
370	44610.14	3	4	0	71.69	77.43	97.3	52	708.6	94.9	88	76	164	0	0	73	90	10	29
371	44610.14	3	4	0	71.71	77.69	93.3	51.8	764	86.92	668	622	1290	0	0	73	90	10	28
372	44610.15	3	4	0	71.74	77.45	87.7	51.9	776.5	83.61	744	691	1434	1	0	73	90	10	29
373	44610.15	3	4	0	71.78	77.05	86.4	52	734.7	89.41	399	367	765	1	0	73	90	10	53
374	44610.15	3	4	0	71.84	77.06	89.6	51.8	725.8	91.8	88	76	164	1	0	73	90	10	27
375	44610.15	3	4	0	71.87	77.35	91.3	51.8	756.9	86.77	89	76	165	0	0	73	90	10	27
376	44610.15	3	4	0	71.9	77.31	86.6	51.7	776.1	82.4	376	346	722	0	0	73	90	10	28
377	44610.15	3	4	0	71.95	76.9	81.8	51.7	773.3	80.05	709	661	1370	0	0	73	90	10	28
378	44610.15	3	4	0	71.99	76.52	80	51.7	738.9	83.65	751	697	1448	1	0	73	90	10	26
379	44610.15	3	4	0	72.08	76.23	84.3	51.7	719.3	88.71	763	707	1470	1	0	73	90	10	23
380	44610.15	3	4	0	72.2	76.46	88.9	51.5	710.9	90.33	174	156	330	1	0	73	90	10	24
381	44610.15	3	4	0	72.28	76.75	91.6	51.4	705.1	91.51	88	76	165	1	0	73	90	10	24
382	44610.15	3	4	0	72.32	77.02	90.3	51.4	762.1	84.02	616	573	1189	0	0	73	90	10	25
383	44610.15	3	4	0	72.35	76.91	84.8	50.9	769.3	81.06	734	682	1416	0	0	73	90	10	25
384	44610.15	3	4	0	72.37	76.59	84.1	50.7	723.9	87.09	757	702	1460	1	0	73	90	10	25
385	44610.15	3	4	0	72.4	76.53	88.2	50.7	708.6	90.17	766	709	1476	1	0	73	90	10	24
386	44610.15	3	4	0	72.42	76.79	91	50.6	708.1	91.52	643	594	1236	1	0	73	90	10	24
387	44610.16	3	4	0	72.44	77.09	93	50.4	712.3	92.47	88	75	163	1	0	73	90	10	24
388	44610.16	3	4	0	72.46	77.4	94.1	50.3	736.2	91.27	88	75	163	0	0	73	90	10	25
389	44610.16	3	4	0	72.47	77.55	89.6	50.3	769.4	84.07	89	76	164	0	0	73	90	10	25
390	44610.16	3	4	0	72.48	77.29	84.4	50.2	785	81.43	89	76	165	0	0	73	90	10	25
391	44610.16	3	4	0	72.48	76.82	80.1	50.3	778.1	79.13	88	75	164	0	0	73	90	10	25
392	44610.16	3	4	0	72.53	76.44	77.3	50.3	771.3	77.36	89	76	166	0	0	73	90	10	22
393	44610.16	3	4	0	72.61	76.03	75.5	50.3	773.7	76.1	556	519	1075	0	0	73	90	10	21
394	44610.16	3	4	0	72.69	75.62	74.2	50.5	763.2	74.9	713	664	1377	0	0	73	90	10	21
395	44610.16	3	4	0	72.8	75.18	76.7	50.6	717.3	82.04	743	690	1433	1	0	73	90	10	19
396	44610.16	3	4	0	72.88	75.08	82.9	50.6	686	85.93	753	698	1450	1	0	73	90	10	19
397	44610.16	3	4	0	72.94	75.34	87.1	50.4	687.2	87.95	687	636	1323	1	0	73	90	10	19
398	44610.16	3	4	0	72.94	75.72	90.1	50.5	690.7	89.41	89	75	164	1	0	73	90	10	21
399	44610.16	3	4	0	72.93	76.14	91.8	50.4	712.9	88.33	147	128	275	0	0	73	90	10	21
400	44610.16	3	4	0	72.88	76.39	88.3	50.5	766.1	82.24	686	642	1328	0	0	73	90	10	23
401	44610.17	3	4	0	72.85	76.18	82.8	50.6	767.9	81.37	739	686	1425	1	0	73	90	10	23
402	44610.17	3	4	0	72.81	75.96	84.1	50.5	719.6	87.46	758	702	1460	1	0	73	90	10	23
403	44610.17	3	4	0	72.77	76.08	88.1	50.5	710.1	89.74	523	482	1004	1	0	73	90	10	23
404	44610.17	3	4	0	72.76	76.42	90.8	50.4	712.5	91.03	88	75	163	1	0	74	90	10	24
405	44610.17	3	4	0	72.72	76.77	92	50	737.9	87.24	302	276	578	0	0	74	90	10	25
406	44610.17	3	4	0	72.69	76.87	86.8	49.5	765.4	81.97	708	660	1368	0	0	74	90	10	35
407	44610.17	3	4	0	72.67	76.57	82.9	49.3	741.9	84.32	749	695	1444	1	0	74	90	10	35
408	44610.17	3	4	0	72.65	76.41	85.6	49.5	718.6	88.53	762	706	1468	1	0	74	90	10	36
409	44610.17	3	4	0	72.63	76.59	89.3	49.8	707.9	90.39	836	775	1610	1	0	74	90	10	36
410	44610.17	3	4	0	72.63	76.87	91.7	49.7	710.6	91.5	1126	1040	2166	1	0	74	90	10	37
411	44610.17	3	4	0	72.61	77.17	93.3	49.2	708.4	93.51	241	218	459	1	1	74	90	10	38
412	44610.17	3	4	0	72.59	77.48	95.9	49.6	693.2	96.46	88	76	164	1	1	74	90	10	38
413	44610.17	3	4	0	72.57	78.02	94.4	49.7	758.3	87.66	618	575	1193	0	0	74	90	10	38
414	44610.17	3	4	0	72.58	77.87	88.4	49.9	780.5	83.68	1006	937	1944	1	0	74	90	10	38
415	44610.18	3	4	0	72.59	77.49	86.5	50	740	88.72	1134	1046	2179	1	0	74	90	10	38
416	44610.18	3	4	0	72.59	77.43	90.8	49.1	703.2	94.2	881	811	1691	1	1	74	90	10	39
417	44610.18	3	4	0	72.59	77.82	94.9	48.4	694	96.68	659	608	1267	1	1	74	90	10	39
418	44610.18	3	4	0	72.57	78.3	97.5	48.5	718.3	95.69	88	74	162	1	0	74	90	10	41
419	44610.18	3	4	0	72.55	78.58	97.5	48.5	738.9	92.18	212	190	402	0	0	74	90	10	41
420	44610.18	3	4	0	72.54	78.71	92	48.6	788.9	86.45	749	700	1449	0	0	74	90	10	41
421	44610.18	3	4	0	72.55	78.29	86.6	49.2	775.3	86.08	1097	1017	2114	1	0	74	90	10	41
422	44610.18	3	4	0	72.59	77.98	87.4	49.4	723.7	91.15	1104	1014	2118	1	1	74	90	10	40
423	44610.18	3	4	0	72.6	78.04	92.1	49.7	698.2	95.44	814	750	1564	1	1	74	90	10	41
424	44610.18	3	4	0	72.6	78.51	96.8	49.8	705.6	97.04	415	380	795	1	0	74	90	10	42
425	44610.18	3	4	0	72.62	78.87	97.9	50	717.8	96.06	88	75	163	1	0	74	90	10	41
426	44610.18	3	4	0	72.64	79.13	96.6	49.8	769	89.63	531	494	1025	0	0	74	90	10	41
427	44610.18	3	4	0	72.66	78.94	90	49.8	785	85.39	1080	1005	2085	0	0	74	90	10	42
428	44610.18	3	4	0	72.71	78.56	86.6	49.6	734	89.54	1020	939	1959	1	1	74	90	10	40
429	44610.18	3	4	0	72.75	78.35	91.5	49.7	707.3	95.67	88	74	162	1	1	74	90	10	41
430	44610.19	3	4	0	72.78	78.82	96.1	49.6	716.5	94.49	161	142	303	0	0	74	90	10	42
431	44610.19	3	4	0	72.78	79.06	92.8	49.2	767.9	87.07	728	681	1409	0	0	74	90	10	42
432	44610.19	3	4	0	72.81	78.72	87	49	761.8	85.66	1095	1016	2110	1	0	74	90	10	40
433	44610.19	3	4	0	72.87	78.35	87.6	49.2	733.9	90.7	1131	1040	2171	1	1	74	90	10	41
434	44610.19	3	4	0	72.9	78.38	92.4	49.6	700.5	95.59	819	754	1574	1	1	74	90	10	41
435	44610.19	3	4	0	72.91	78.75	96	49.4	697.4	97.08	475	436	911	1	0	74	90	10	42
436	44610.19	3	4	0	72.92	79.16	98	49.5	718.6	96.09	88	75	163	1	0	74	90	10	41
437	44610.19	3	4	0	72.95	79.36	96.8	49.7	757.4	90.78	360	330	690	0	0	74	90	10	42
438	44610.19	3	4	0	72.96	79.26	90.4	49.7	785.8	85.69	728	678	1406	0	0	74	90	10	42
439	44610.19	3	4	0	72.97	78.86	86.4	49.6	752.3	87.64	738	684	1422	1	0	74	90	10	42
440	44610.19	3	4	0	72.98	78.54	88.4	49.7	728.7	91.71	87	75	162	1	0	74	90	10	42
441	44610.19	3	4	0	73.01	78.68	91.6	49.8	727.9	91.51	106	91	197	0	0	74	90	10	42
442	44610.19	3	4	0	73.03	78.67	89.2	49.9	771	84.32	982	921	1904	0	0	74	90	10	42
443	44610.19	3	4	0	73.05	78.43	84.5	50	770	82.42	1122	1036	2158	1	1	74	90	10	42
444	44610.2		3	4	0	73.07	78	86.4	50	700.4	92.47	579	530	1110	1	1	74	90	10	43
445	44610.2		3	4	0	73.09	78.17	92.8	49.8	688.3	95.62	88	75	163	1	1	74	90	10	42
446	44610.2		3	4	0	73.11	78.7	95.3	49.8	742.2	89.15	423	389	813	0	0	74	90	10	42
447	44610.2		3	4	0	73.14	78.67	89.5	49.6	769.3	84.33	731	681	1412	0	0	74	90	10	42
448	44610.2		3	4	0	73.15	78.34	86.1	49.5	738.7	87.98	679	629	1308	1	0	74	90	10	42
449	44610.2		3	4	0	73.17	78.11	88.8	49.7	714.9	90.89	88	75	163	1	0	74	90	10	43
450	44610.2		3	4	0	73.18	78.23	91.3	49.9	724.8	90.22	167	147	314	0	0	74	90	10	43
451	44610.2		3	4	0	73.19	78.35	88.3	49.8	768.8	83.8	697	652	1350	0	0	74	90	10	42
452	44610.2		3	4	0	73.22	78.03	83.6	49.9	771.4	83.32	752	698	1449	1	0	74	90	10	42
453	44610.2		3	4	0	73.24	77.7	85.5	50.2	715.3	88.68	766	710	1477	1	0	74	90	10	42
454	44610.2		3	4	0	73.27	77.7	89.3	50.4	715.2	90.83	1080	1000	2080	1	0	74	90	10	43
455	44610.2		3	4	0	73.3	77.99	91.9	50.2	709.2	92.33	1166	1070	2236	1	1	74	90	10	42
456	44610.2		3	4	0	73.31	78.18	94.6	50	687.4	96.18	983	900	1884	1	1	74	90	10	42
457	44610.2		3	4	0	73.31	78.68	98.4	50.3	685	98.14	88	74	162	1	1	74	90	10	43
458	44610.2		3	4	0	73.31	79.14	100.6	50.3	698.3	96.1	206	185	392	0	0	74	90	10	43
459	44610.21	3	4	0	73.31	79.4	95.3	50	765.3	88.35	713	666	1379	0	0	74	90	10	43
460	44610.21	3	4	0	73.3	79.05	89.2	50.3	766.7	87.69	757	703	1460	1	0	74	90	10	44
461	44610.21	3	4	0	73.3	78.82	89.3	50.1	726.1	91.8	772	716	1487	1	0	74	90	10	44
462	44610.21	3	4	0	73.3	78.8	92.2	49.9	726.8	93.61	175	157	331	1	0	74	90	10	44
463	44610.21	3	4	0	73.3	79.01	94	49.6	719.8	94.33	87	75	163	0	0	74	90	10	44
464	44610.21	3	4	0	73.3	79.21	91.9	49.7	784	86.28	622	579	1201	0	0	66	90	10	44
465	44610.21	3	4	0	73.3	78.93	86.1	50	781	83.64	746	694	1440	1	0	66	90	10	0
466	44610.21	3	1	0	73.32	78.5	86.1	49.5	740.1	88.8	162	146	308	1	0	66	90	10	0
467	44610.21	1	1	0	73.35	78.39	89.4	49.9	727.3	91.59	88	76	163	0	0	66	90	10	0
468	44610.21	1	1	0	73.38	78.49	88.7	50.1	771.8	84.67	88	76	164	0	0	66	90	10	0
469	44610.21	1	1	0	73.42	78.29	84.4	50.2	764.9	81.54	88	76	164	0	0	66	90	10	0
470	44610.21	1	1	0	73.49	77.91	80.3	50.3	768.8	79.29	88	76	164	0	0	66	90	10	0
471	44610.21	1	1	0	73.62	77.49	77.9	50.1	777.8	77.75	89	76	165	0	0	66	90	10	0
472	44610.21	1	1	0	73.77	77.07	76.1	49.6	761.5	76.31	88	76	164	0	0	66	90	10	0
473	44610.22	1	1	0	73.95	76.61	74.7	49.7	767.1	75.2	89	76	165	0	0	66	90	10	0
474	44610.22	1	1	0	74.1	76.14	73.7	49.7	758.9	74.33	89	76	165	0	0	66	90	10	0
475	44610.22	1	1	0	74.26	75.74	73	49.8	749.4	73.54	89	76	165	0	0	66	90	10	0
476	44610.22	1	1	0	74.32	75.38	72.4	49.7	752	72.83	89	77	165	0	0	66	90	10	0
477	44610.22	1	1	0	74.35	75.03	71.8	49.6	750.1	72.18	89	77	165	0	0	66	90	10	0
478	44610.22	1	1	0	74.34	74.7	71.4	49.6	750.3	71.67	89	76	165	0	0	66	90	10	0
479	44610.22	1	1	0	74.3	74.4	71	49.7	740.6	71.2	90	77	167	0	0	66	90	10	0
480	44610.22	1	1	0	74.21	74.14	70.7	49.8	748.5	70.75	89	77	165	0	0	66	90	10	0
481	44610.22	1	1	0	74.09	73.91	70.4	49.5	735.5	70.36	89	77	165	0	0	66	90	10	0
482	44610.22	1	1	0	73.89	73.67	70.1	49.5	740.4	70.07	89	76	165	0	0	66	90	10	0
483	44610.22	1	1	0	73.78	73.47	69.9	49.3	739.9	69.81	89	77	165	0	0	66	90	10	0
484	44610.22	1	1	0	73.61	73.24	69.6	48.8	742.3	69.49	89	76	165	0	0	66	90	10	0
485	44610.22	1	1	0	73.45	73.1	69.4	48.9	734.5	69.26	89	76	165	0	0	66	90	10	0
486	44610.22	1	1	0	73.29	72.91	69.2	49.1	730.8	69.04	89	76	165	0	0	66	90	10	0
487	44610.23	1	1	0	73.16	72.76	69.1	49	741.8	68.83	89	76	165	0	0	66	90	10	0
488	44610.23	1	1	0	73.02	72.6	68.9	48.9	737.5	68.65	89	76	166	0	0	66	90	10	0
489	44610.23	1	1	0	72.89	72.49	68.7	49.1	732.4	68.51	89	77	166	0	0	66	90	10	0
490	44610.23	1	1	0	72.77	72.35	68.6	49.3	729	68.34	89	77	166	0	0	66	90	10	0
491	44610.23	1	1	0	72.69	72.24	68.5	49.2	735.3	68.23	89	77	166	0	0	66	90	10	0
492	44610.23	1	1	0	72.57	72.13	68.4	49.3	730.4	68.11	89	76	166	0	0	66	90	10	0
493	44610.23	1	1	0	72.45	72.03	68.3	49.1	733.8	67.97	89	77	166	0	0	66	90	10	0
494	44610.23	1	1	0	72.34	71.9	68.1	48.9	734.5	67.86	89	77	166	0	0	66	90	10	0
495	44610.23	1	1	0	72.24	71.81	68.1	48.9	731.4	67.73	89	77	166	0	0	66	90	10	0
496	44610.23	1	1	0	72.15	71.71	67.9	48.9	738	67.6	89	77	166	0	0	66	90	10	0
497	44610.23	1	1	0	72.06	71.64	67.8	48.8	737.6	67.5	90	77	167	0	0	66	90	10	0
498	44610.23	1	1	0	71.99	71.56	67.8	48.6	732.7	67.41	89	77	166	0	0	66	90	10	0
499	44610.23	1	1	0	71.94	71.46	67.6	48.1	741.2	67.3	89	77	166	0	0	66	90	10	0
500	44610.23	1	1	0	71.88	71.37	67.6	48.1	733.1	67.21	89	77	166	0	0	66	90	10	0
501	44610.23	1	1	0	71.79	71.3	67.5	48.6	733.7	67.16	89	77	167	0	0	66	90	10	0
502	44610.24	1	1	0	71.7	71.27	67.4	48.7	730.2	67.11	90	77	166	0	0	66	90	10	0
503	44610.24	1	1	0	71.62	71.18	67.4	48.6	730.4	67.01	89	76	166	0	0	66	90	10	0
504	44610.24	1	1	0	71.52	71.08	67.3	48.6	738.4	66.94	90	77	167	0	0	66	90	10	0
505	44610.24	1	1	0	71.49	71.02	67.2	48.7	730.5	66.89	91	76	167	0	0	66	90	10	0
506	44610.24	1	1	0	71.41	71	67.2	48.7	732.7	66.83	91	76	167	0	0	66	90	10	0
507	44610.24	1	1	0	71.37	70.93	67.1	48.6	730.6	66.74	91	76	167	0	0	66	90	10	0
508	44610.24	1	1	0	71.29	70.87	67	48.6	723.7	66.67	91	76	166	0	0	66	90	10	0
509	44610.24	1	1	0	71.25	70.78	66.9	48.6	733.2	66.62	91	76	167	0	0	66	90	10	0
510	44610.24	1	1	0	71.18	70.72	66.9	48.4	738.6	66.54	90	76	166	0	0	66	90	10	0
511	44610.24	1	1	0	71.11	70.69	66.8	48.2	740.9	66.49	91	76	167	0	0	66	90	10	0
512	44610.24	1	1	0	71.04	70.63	66.8	48.2	731.6	66.42	91	76	167	0	0	66	90	10	0
513	44610.24	1	1	0	70.97	70.59	66.7	47.7	731.3	66.33	91	76	167	0	0	66	90	10	0
514	44610.24	1	1	0	70.88	70.5	66.6	47.6	739.8	66.25	91	76	167	0	0	66	90	10	0
515	44610.24	1	1	0	70.81	70.43	66.6	47.9	732.1	66.23	91	76	167	0	0	66	90	10	0
516	44610.25	1	1	0	70.77	70.4	66.5	47.9	729	66.16	91	76	167	0	0	66	90	10	0
517	44610.25	1	1	0	70.74	70.37	66.5	48	731.8	66.13	91	76	167	0	0	66	90	10	0
518	44610.25	1	1	0	70.69	70.32	66.4	48.1	734.5	66.08	91	76	167	0	0	66	90	10	0
519	44610.25	1	1	0	70.64	70.24	66.4	48.1	734.7	66.06	91	76	167	0	0	66	90	10	0
520	44610.25	1	1	0	70.58	70.22	66.4	48.2	736.8	66.01	91	76	167	0	0	66	90	10	0
521	44610.25	1	1	0	70.53	70.2	66.3	48.3	735	65.97	91	76	167	0	0	66	90	10	0
522	44610.25	1	1	0	70.44	70.13	66.3	48.3	730.8	65.92	91	76	168	0	0	66	90	10	0
523	44610.25	1	1	0	70.25	70.11	66.3	48.1	735.5	65.87	91	76	167	0	0	66	90	10	0
524	44610.25	1	1	0	70.19	70.04	66.2	48.1	735	65.81	91	76	167	0	0	66	90	10	0
525	44610.25	1	1	0	70.11	70.02	66.2	48.1	727.8	65.78	90	76	167	0	0	66	90	10	0
526	44610.25	1	1	0	70.02	69.94	66.1	48.3	737.5	65.77	91	77	167	0	0	66	90	10	0
527	44610.25	1	1	0	69.95	69.91	66.1	48.4	730.6	65.73	90	76	166	0	0	66	90	10	0
528	44610.25	1	1	0	69.91	69.89	66.1	48.5	733.8	65.7	90	76	167	0	0	66	90	10	0
529	44610.25	1	1	0	69.85	69.9	66.1	48.5	732	65.7	90	76	167	0	0	66	90	10	0
530	44610.25	1	1	0	69.79	69.85	66.1	48.6	730.9	65.67	91	76	167	0	0	66	90	10	0
531	44610.26	1	1	0	69.75	69.84	66	48.6	726.7	65.66	91	76	167	0	0	66	90	10	0
532	44610.26	1	1	0	69.69	69.8	66	48.9	738	65.66	91	77	168	0	0	66	90	10	0
533	44610.26	1	1	0	69.63	69.74	66	49.2	728.8	65.65	91	76	167	0	0	66	90	10	0
534	44610.26	1	1	0	69.6	69.73	66	49.4	741.5	65.63	90	76	166	0	0	66	90	10	0
535	44610.26	1	1	0	69.59	69.71	66	49.6	724.5	65.64	90	76	167	0	0	66	90	10	0
536	44610.26	1	1	0	69.56	69.66	66	49.8	728.8	65.64	91	77	167	0	0	66	90	10	0
537	44610.26	1	1	0	69.55	69.64	66	49.9	732.9	65.63	91	77	167	0	0	66	90	10	0
538	44610.26	1	1	0	69.46	69.64	66	50	732.2	65.64	91	76	167	0	0	66	90	10	0
539	44610.26	1	1	0	69.43	69.62	66	50	734.6	65.62	91	77	168	0	0	66	90	10	0
540	44610.26	1	1	0	69.38	69.62	66	49.9	735.5	65.6	91	76	167	0	0	66	90	10	0
541	44610.26	1	1	0	69.33	69.58	66	49.5	730.1	65.56	91	76	167	0	0	66	90	10	0
542	44610.26	1	1	0	69.31	69.54	65.9	49	735.2	65.5	91	76	167	0	0	66	90	10	0
543	44610.26	1	1	0	69.31	69.53	65.9	48.9	738.3	65.48	91	76	167	0	0	66	90	10	0
544	44610.26	1	1	0	69.29	69.52	65.8	48.8	728.9	65.47	90	76	166	0	0	66	90	10	0
545	44610.27	1	1	0	69.24	69.48	65.8	48.9	729.8	65.44	91	77	167	0	0	66	90	10	0
546	44610.27	1	1	0	69.2	69.47	65.8	49.1	730.8	65.42	91	77	168	0	0	66	90	10	0
547	44610.27	1	1	0	69.15	69.46	65.8	49.3	732.4	65.43	90	76	167	0	0	66	90	10	0
548	44610.27	1	1	0	69.11	69.43	65.8	49.3	733.2	65.42	91	76	166	0	0	66	90	10	0
549	44610.27	1	1	0	69.09	69.43	65.8	49.3	729.3	65.41	90	76	167	0	0	66	90	10	0
550	44610.27	1	1	0	69.04	69.38	65.8	49.3	732.7	65.38	91	76	167	0	0	66	90	10	0
551	44610.27	1	1	0	69.01	69.35	65.7	49.1	734	65.34	91	77	168	0	0	66	90	10	0
552	44610.27	1	1	0	68.97	69.35	65.7	48.8	728.3	65.31	91	77	167	0	0	66	90	10	0
553	44610.27	1	1	0	68.95	69.29	65.7	48.4	731.9	65.26	90	76	167	0	0	66	90	10	0
554	44610.27	1	1	0	68.94	69.3	65.6	48.5	733.5	65.25	90	76	167	0	0	66	90	10	0
555	44610.27	1	1	0	68.93	69.28	65.6	48.5	736.2	65.24	90	76	166	0	0	66	90	10	0
556	44610.27	1	1	0	68.92	69.26	65.6	48.5	729.1	65.21	90	76	166	0	0	66	90	10	0
557	44610.27	1	1	0	68.92	69.25	65.5	48.3	734.9	65.17	90	76	167	0	0	66	90	10	0
558	44610.27	1	1	0	68.91	69.19	65.5	48.2	733.3	65.15	90	76	166	0	0	66	90	10	0
559	44610.28	1	1	0	68.9	69.18	65.5	48.7	733.9	65.15	90	77	167	0	0	66	90	10	0
560	44610.28	1	1	0	68.87	69.17	65.5	49.1	737.7	65.15	91	77	167	0	0	66	90	10	0
561	44610.28	1	1	0	68.85	69.15	65.5	49	729.7	65.13	91	76	167	0	0	66	90	10	0
562	44610.28	1	1	0	68.84	69.11	65.5	49.2	739.2	65.13	91	77	168	0	0	66	90	10	0
563	44610.28	1	1	0	68.81	69.1	65.5	49	738.7	65.11	90	77	167	0	0	66	90	10	0
564	44610.28	1	1	0	68.79	69.08	65.4	48.5	737.7	65.04	91	76	167	0	0	66	90	10	0
565	44610.28	1	1	0	68.74	69.07	65.4	48.4	732.6	65.03	91	77	168	0	0	66	90	10	0
566	44610.28	1	1	0	68.7	69.07	65.4	48.5	732.6	65.01	91	76	167	0	0	66	90	10	0
567	44610.28	1	1	0	68.66	69.04	65.4	48.4	730.9	64.99	91	76	167	0	0	66	90	10	0
568	44610.28	1	1	0	68.6	68.99	65.3	48.5	736.1	64.99	91	76	167	0	0	66	90	10	0
569	44610.28	1	1	0	68.58	68.99	65.3	48.5	732.7	64.98	91	77	168	0	0	66	90	10	0
570	44610.28	1	1	0	68.55	68.98	65.3	48.4	732.1	64.96	91	76	168	0	0	66	90	10	0
571	44610.28	1	1	0	68.54	68.97	65.3	48.8	737.8	64.98	91	76	167	0	0	66	90	10	0
572	44610.28	1	1	0	68.51	68.93	65.3	49	717.1	64.97	92	77	168	0	0	66	90	10	0
573	44610.28	1	1	0	68.48	68.92	65.3	49.2	727.9	64.96	91	76	167	0	0	66	90	10	0
574	44610.29	1	1	0	68.46	68.9	65.3	49.6	731.2	64.98	92	76	168	0	0	66	90	10	0
575	44610.29	1	1	0	68.44	68.87	65.3	49.7	729.1	64.97	91	77	168	0	0	66	90	10	0
576	44610.29	1	1	0	68.43	68.87	65.3	49.7	732.4	64.97	91	76	168	0	0	66	90	10	0
577	44610.29	1	1	0	68.4	68.83	65.3	49.6	733.6	64.95	91	76	168	0	0	66	90	10	0
578	44610.29	1	1	0	68.39	68.82	65.3	49.7	723.9	64.95	91	77	168	0	0	66	90	10	0
579	44610.29	1	1	0	68.4	68.81	65.3	49.5	733.1	64.94	92	77	168	0	0	66	90	10	0
580	44610.29	1	1	0	68.4	68.8	65.3	49.5	724.2	64.91	91	76	167	0	0	66	90	10	0
581	44610.29	1	1	0	68.4	68.8	65.3	49.5	736.7	64.91	92	77	168	0	0	66	90	10	0
582	44610.29	1	1	0	68.41	68.79	65.3	49.6	727.7	64.92	91	77	168	0	0	66	90	10	0
583	44610.29	1	1	0	68.43	68.77	65.3	49.7	734.2	64.94	91	76	167	0	0	66	90	10	0
584	44610.29	1	1	0	68.42	68.75	65.3	49.6	726	64.92	91	77	168	0	0	74	90	10	0
585	44610.29	1	1	0	68.42	68.74	65.3	49	729.4	64.86	91	77	168	0	0	74	90	10	0
586	44610.29	1	1	0	68.39	68.74	65.2	48.8	731.1	64.83	471	442	913	0	0	74	90	10	0
587	44610.29	1	4	0	68.36	68.71	65.2	48.3	734.7	64.8	659	618	1278	0	0	74	90	10	0
588	44610.3		1	4	0	68.31	68.72	69.1	48.7	687	73.4	936	874	1809	1	0	74	90	10	61
589	44610.3		3	4	0	68.25	68.84	75.7	48.9	674.9	77.7	1051	975	2026	1	0	74	90	10	62
590	44610.3		3	4	0	68.18	69.2	82.1	48.8	662.5	83.21	1079	996	2074	1	1	74	90	10	65
591	44610.3		3	4	0	68.13	70.04	87.5	48.8	664.9	86.93	1098	1009	2107	1	1	74	90	10	68
592	44610.3		3	4	0	68.06	70.84	90.8	48.9	669.8	89.1	1021	939	1960	1	1	74	90	10	70
593	44610.3		3	4	0	67.99	71.81	93.5	49.1	673.1	91.36	89	75	164	1	1	74	90	10	71
594	44610.3		3	4	0	67.99	72.68	95.2	49.2	696.8	90.29	139	119	258	0	0	74	90	10	72
595	44610.3		3	4	0	68	73.3	90.4	49.1	765.2	82.44	975	911	1886	0	0	74	90	10	73
596	44610.3		3	4	0	68.05	73.34	83.5	49.2	770.5	81.3	1082	996	2078	1	1	74	90	10	72
597	44610.3		3	4	0	68.15	73.17	85.3	49.1	710.8	89.37	1116	1023	2139	1	1	74	90	10	71
598	44610.3		3	4	0	68.31	73.59	90.4	49.3	698.4	92.74	1134	1037	2171	1	1	74	90	10	71
599	44610.3		3	4	0	68.4	74.26	94.1	49.4	696.4	94.63	698	634	1332	1	1	74	90	10	70
600	44610.3		3	4	0	68.56	75.05	97.2	49.5	692.3	96.35	89	75	164	1	1	74	90	10	69
601	44610.3		3	4	0	68.73	75.66	97.5	49.6	738.3	90.7	346	317	663	0	0	74	90	10	68
602	44610.3		3	4	0	68.9	75.95	90.8	49.7	778	85.06	973	903	1875	0	0	74	90	10	68
603	44610.31	3	4	0	69.06	75.7	85.7	49.8	753.3	86.09	1109	1018	2127	1	0	74	90	10	69
604	44610.31	3	4	0	69.25	75.44	88.8	50	710.8	92.35	90	76	166	1	1	74	90	10	63
605	44610.31	3	4	0	69.53	75.78	93.2	50.2	710.9	94.37	96	81	177	0	0	74	90	10	63
606	44610.31	3	4	0	69.78	76.31	91.6	50.3	771.9	85.9	978	911	1889	0	0	74	90	10	61
607	44610.31	3	4	0	70.06	76.21	86	50.5	779.5	82.69	1112	1020	2131	1	1	74	90	10	59
608	44610.31	3	4	0	70.3	75.87	85.7	50.7	708.1	90.36	607	552	1159	1	1	74	90	10	58
609	44610.31	3	4	0	70.6	76.07	91.6	50.9	696.1	94.64	89	74	163	1	1	74	90	10	57
610	44610.31	3	4	0	70.79	76.6	94.6	50.8	746.6	89.26	515	475	989	0	0	74	90	10	57
611	44610.31	3	4	0	70.91	76.85	89.1	50.5	779.9	83.89	1070	989	2059	0	0	74	90	10	56
612	44610.31	3	4	0	71.09	76.51	85.2	50.3	730.6	87.73	1039	951	1990	1	1	74	90	10	55
613	44610.31	3	4	0	71.31	76.4	89.1	50.1	699.6	93.86	89	74	163	1	1	74	90	10	55
614	44610.31	3	4	0	71.39	76.84	94.5	50.2	703.8	95	151	131	282	0	0	74	90	10	55
615	44610.31	3	4	0	71.5	77.31	92.3	49.9	768	85.59	718	668	1386	0	0	74	90	10	55
616	44610.31	3	4	0	71.6	77.1	86.4	50.3	775.2	83.25	1088	1004	2092	1	0	74	90	10	54
617	44610.32	3	4	0	71.73	76.74	86.2	50.6	731.6	89.02	418	379	797	1	1	74	90	10	53
618	44610.32	3	4	0	71.86	76.81	90.5	50.9	689.7	94.48	89	74	163	1	1	74	90	10	53
619	44610.32	3	4	0	71.93	77.29	93.2	50.9	759	87.47	499	462	961	0	0	74	90	10	53
620	44610.32	3	4	0	72.02	77.35	87.9	50.9	772.4	83.31	933	865	1798	0	0	74	90	10	53
621	44610.32	3	4	0	72.14	77.02	85.1	50.8	732.2	87.36	844	774	1619	1	0	74	90	10	51
622	44610.32	3	4	0	72.26	76.92	88.3	50.7	699.2	92.91	89	74	162	1	1	74	90	10	50
623	44610.32	3	4	0	72.4	77.29	93.5	50.6	725.8	91.52	290	263	552	0	0	74	90	10	50
624	44610.32	3	4	0	72.45	77.59	90.2	50.3	772.1	84.64	1039	967	2006	0	0	74	90	10	50
625	44610.32	3	4	0	72.54	77.33	85	50.1	739.7	85.28	1129	1036	2165	1	1	74	90	10	48
626	44610.32	3	4	0	72.66	77.08	88.6	49.9	706.9	92.88	1161	1060	2221	1	1	74	90	10	49
627	44610.32	3	4	0	72.77	77.46	93.9	49.8	686.9	95.99	1117	1019	2136	1	1	74	90	10	48
628	44610.32	3	4	0	72.83	78	97.8	49.8	683.8	97.87	88	74	162	1	1	74	90	10	48
629	44610.32	3	4	0	72.87	78.55	100.4	49.9	703.4	98.76	117	100	217	0	0	74	90	10	48
630	44610.32	3	4	0	72.95	78.95	96.7	50	791	89.2	717	668	1386	0	0	74	90	10	48
631	44610.33	3	4	0	72.98	78.68	89.7	50.1	782.4	85.96	755	700	1455	1	0	74	90	10	48
632	44610.33	3	4	0	73.01	78.33	88.4	50.2	734.9	91.17	643	592	1235	1	0	74	90	10	48
633	44610.33	3	4	0	73.05	78.32	91.2	50.1	734.5	93.05	89	74	163	1	0	74	90	10	47
634	44610.33	3	4	0	73.09	78.59	93.3	50	752.7	91.3	208	185	394	0	0	74	90	10	48
635	44610.33	3	4	0	73.14	78.64	89.7	50.1	779.5	85.13	707	659	1365	0	0	74	90	10	47
636	44610.33	3	4	0	73.2	78.31	84.7	50.2	763.1	84.86	755	699	1454	1	0	74	90	10	45
637	44610.33	3	4	0	73.3	77.98	86.4	50.1	719.4	89.64	769	710	1479	1	0	74	90	10	44
638	44610.33	3	4	0	73.41	78.04	89.8	49.9	714.9	91.79	1076	990	2066	1	0	74	90	10	43
639	44610.33	3	4	0	73.54	78.23	92.5	49.9	713.7	92.78	598	542	1140	1	1	74	90	10	46
640	44610.33	3	4	0	73.59	78.53	95	49.6	704.1	96.33	89	74	163	1	1	74	90	10	42
641	44610.33	3	4	0	73.64	78.94	96.9	49.4	757	91.29	416	382	798	0	0	74	90	10	42
642	44610.33	3	4	0	73.7	79.07	91.7	49.4	777.4	85.53	737	683	1420	0	0	74	90	10	42
643	44610.33	3	4	0	73.75	78.67	87	49.8	749.6	88.05	769	710	1478	1	0	74	90	10	40
644	44610.33	3	4	0	73.83	78.45	89	50	730.4	91.62	779	717	1497	1	0	74	90	10	39
645	44610.33	3	4	0	73.9	78.59	91.9	50.2	725.1	92.89	783	720	1503	1	0	74	90	10	39
646	44610.34	3	4	0	73.98	78.81	93.7	50.3	725.8	93.64	178	157	335	1	0	74	90	10	38
647	44610.34	3	1	0	74.03	79.09	94.9	50.4	719.5	94.4	89	75	163	0	0	74	90	10	0
648	44610.34	3	1	0	74.08	79.24	92.9	50.3	779.5	86.97	90	75	165	0	0	74	90	10	0
649	44610.34	1	1	0	74.11	79.03	87.2	50.5	779.4	83.65	89	75	164	0	0	74	90	10	0
650	44610.34	1	1	0	74.19	78.61	83	50.5	785.1	81.41	89	75	164	0	0	74	90	10	0
651	44610.34	1	1	0	74.34	78.14	79.5	50.6	792.2	79.32	89	75	164	0	0	74	90	10	0
652	44610.34	1	1	0	74.48	77.71	77.6	50.5	770.4	77.83	89	75	164	0	0	74	90	10	0
653	44610.34	1	1	0	74.66	77.26	75.9	50.4	769.6	76.66	89	75	165	0	0	74	90	10	0
654	44610.34	1	1	0	74.75	76.84	74.8	50.5	760.5	75.58	89	75	165	0	0	74	90	10	0
655	44610.34	1	1	0	74.8	76.48	74.1	50.4	761.4	74.69	89	75	165	0	0	74	90	10	0
656	44610.34	1	1	0	74.86	76.15	73.4	50.3	758	73.95	90	75	165	0	0	74	90	10	0
657	44610.34	1	1	0	74.91	75.86	72.9	50.3	753.4	73.26	90	75	165	0	0	74	90	10	0
658	44610.34	1	1	0	74.91	75.55	72.5	50.3	757.7	72.75	90	75	165	0	0	74	90	10	0
659	44610.34	1	1	0	74.9	75.29	72.1	50.5	747.3	72.31	90	76	166	0	0	74	90	10	0
660	44610.35	1	1	0	74.86	75.03	71.8	50.5	740.7	71.87	89	75	165	0	0	74	90	10	0
661	44610.35	1	1	0	74.8	74.81	71.6	50.8	744.1	71.56	90	75	165	0	0	74	90	10	0
662	44610.35	1	1	0	74.72	74.63	71.3	50.9	736.5	71.24	90	76	165	0	0	74	90	10	0
663	44610.35	1	1	0	74.63	74.48	71.1	50.8	742.2	70.96	90	76	165	0	0	74	90	10	0
664	44610.35	1	1	0	74.54	74.27	70.9	50.4	747.7	70.7	90	76	166	0	0	74	90	10	0
665	44610.35	1	1	0	74.47	74.15	70.7	50.3	753.4	70.49	90	76	165	0	0	74	90	10	0
666	44610.35	1	1	0	74.39	74.01	70.6	50.1	749.5	70.29	90	76	166	0	0	74	90	10	0
667	44610.35	1	1	0	74.29	73.91	70.4	50.3	753.4	70.13	90	75	166	0	0	74	90	10	0
668	44610.35	1	1	0	74.24	73.81	70.3	50.5	744.7	70.02	90	76	166	0	0	74	90	10	0
669	44610.35	1	1	0	74.13	73.66	70.2	50.7	748.8	69.85	90	76	166	0	0	74	90	10	0
670	44610.35	1	1	0	74.09	73.59	70.1	51	741.4	69.75	90	76	166	0	0	74	90	10	0
671	44610.35	1	1	0	74.04	73.51	70	51.1	747.2	69.7	90	75	166	0	0	74	90	10	0
672	44610.35	1	1	0	73.98	73.43	70	51.2	730.6	69.63	91	76	166	0	0	74	90	10	0
673	44610.35	1	1	0	73.93	73.38	70	51.7	734.7	69.58	91	76	167	0	0	74	90	10	0
674	44610.35	1	4	0	73.9	73.33	69.9	51.8	741.9	69.55	90	76	166	0	0	74	90	10	4
675	44610.36	3	4	0	73.83	73.24	69.9	52.2	736.3	69.56	91	76	167	0	0	74	90	10	6
676	44610.36	3	4	0	73.74	73.22	70	52.4	744.4	69.52	91	76	167	0	0	74	90	10	6
677	44610.36	3	4	0	73.66	73.19	69.9	52.2	736.8	69.49	91	76	167	0	0	74	90	10	6
678	44610.36	3	4	0	73.63	73.11	69.9	52	739.7	69.43	90	76	166	0	0	74	90	10	6
679	44610.36	3	4	0	73.59	73.09	69.9	51.8	743.5	69.41	91	76	167	0	0	74	90	10	6
680	44610.36	3	4	0	73.57	73.03	69.8	51.9	739.1	69.41	91	76	167	0	0	74	90	10	6
681	44610.36	3	4	0	73.55	73.01	69.8	51.7	747.9	69.33	91	75	166	0	0	74	90	10	6
682	44610.36	3	4	0	73.54	73	69.8	51.7	746.2	69.33	398	369	767	0	0	74	90	10	7
683	44610.36	3	4	0	73.5	72.98	69.8	52.2	740.3	69.36	665	620	1285	0	0	74	90	10	8
684	44610.36	3	4	0	73.47	72.94	71.7	52.2	704.6	76.56	723	671	1394	1	0	74	90	10	8
685	44610.36	3	4	0	73.45	73.09	78.7	52.8	680.6	82.32	743	687	1430	1	0	74	90	10	8
686	44610.36	3	4	0	73.4	73.5	84.6	52.9	681.7	85.23	755	697	1452	1	0	74	90	10	10
687	44610.36	3	4	0	73.35	74.05	88.7	53.2	674.7	87.3	763	704	1466	1	0	74	90	10	10
688	44610.36	3	4	0	73.31	74.7	90.9	53.5	693.9	89.09	505	463	968	1	0	74	90	10	11
689	44610.37	3	4	0	73.28	75.35	92.9	53.6	703.8	90.59	90	75	164	1	0	74	90	10	11
690	44610.37	3	4	0	73.26	75.98	93.1	53.6	740	86.56	90	75	165	0	0	74	90	10	11
691	44610.37	3	4	0	73.28	76.24	88.1	53.4	775.1	82.18	90	75	165	0	0	74	90	10	9
692	44610.37	3	4	0	73.33	76.18	83.3	53.4	776.7	79.56	90	75	165	0	0	74	90	10	7
693	44610.37	3	4	0	73.45	76.1	79.4	53.5	785.7	77.98	90	75	165	0	0	74	90	10	4
694	44610.37	3	4	0	73.64	75.94	77	53.7	765.7	76.7	90	75	166	0	0	74	90	10	1
695	44610.37	1	4	0	73.81	75.76	75.6	53.9	764.5	75.69	90	76	166	0	0	74	90	10	0
696	44610.37	1	4	0	73.97	75.59	74.5	53.8	771.5	74.88	91	76	167	0	0	74	90	10	0
697	44610.37	1	4	0	74.11	75.46	73.9	54.4	753.9	74.26	90	76	166	0	0	74	90	10	0
698	44610.37	1	1	0	74.22	75.25	73.4	54.6	756.1	73.65	90	76	166	0	0	74	90	10	0
699	44610.37	1	1	0	74.35	75.1	73	54.8	761	73.2	91	76	166	0	0	74	90	10	0
700	44610.37	1	1	0	74.42	74.91	72.8	55	755.2	72.75	90	75	166	0	0	74	90	10	0
701	44610.37	1	1	0	74.45	74.79	72.6	55.3	752	72.47	90	75	166	0	0	74	90	10	0
702	44610.37	1	1	0	74.49	74.68	72.4	55.4	748.4	72.23	90	75	165	0	0	74	90	10	0
703	44610.38	1	1	0	74.53	74.52	72.2	55.6	744.8	71.99	90	76	166	0	0	74	90	10	0
704	44610.38	1	1	0	74.54	74.47	72.1	55.5	752	71.8	90	76	166	0	0	74	90	10	0
705	44610.38	1	1	0	74.56	74.32	72	55.5	745.6	71.6	90	76	166	0	0	74	90	10	0
706	44610.38	1	1	0	74.57	74.26	71.8	55.1	747.6	71.47	91	76	166	0	0	74	90	10	0
707	44610.38	1	1	0	74.57	74.19	71.7	54.6	760.2	71.29	90	76	166	0	0	74	90	10	0
708	44610.38	1	1	0	74.55	74.12	71.6	54.8	748.3	71.22	91	76	167	0	0	74	90	10	0
709	44610.38	1	1	0	74.54	74.07	71.6	54.4	749.4	71.09	91	76	166	0	0	74	90	10	0
710	44610.38	1	1	0	74.53	74.01	71.5	54.4	754.3	71.02	90	76	166	0	0	74	90	10	0
711	44610.38	1	1	0	74.52	73.95	71.5	54.6	747.4	70.97	91	76	166	0	0	74	90	10	0
712	44610.38	1	1	0	74.49	73.91	71.4	54.9	749.5	70.94	90	76	166	0	0	74	90	10	0
713	44610.38	1	1	0	74.44	73.83	71.4	55.5	758.2	70.93	91	76	167	0	0	74	90	10	0
714	44610.38	1	1	0	74.39	73.8	71.4	55.8	750.8	70.92	91	76	167	0	0	74	90	10	0
715	44610.38	1	1	0	74.37	73.78	71.4	55.5	754.5	70.85	90	76	166	0	0	74	90	10	0
716	44610.38	1	1	0	74.33	73.74	71.4	55.3	737	70.8	91	76	167	0	0	74	90	10	0
717	44610.38	1	1	0	74.29	73.71	71.4	55.5	749.8	70.81	91	76	167	0	0	74	90	10	0
718	44610.39	1	1	0	74.27	73.7	71.4	56.6	745	70.89	90	76	166	0	0	74	90	10	0
719	44610.39	1	1	0	74.26	73.67	71.4	57.1	749.6	70.92	90	76	167	0	0	74	90	10	0
720	44610.39	1	1	0	74.19	73.64	71.5	57.5	749.4	70.94	91	76	166	0	0	74	90	10	0
721	44610.39	1	1	0	74.12	73.65	71.5	58	744.2	70.98	90	76	166	0	0	74	90	10	0
722	44610.39	1	1	0	74.1	73.63	71.6	58.2	752.6	70.99	91	76	167	0	0	74	90	10	0
723	44610.39	1	1	0	74.09	73.6	71.6	57.9	744.8	71	90	75	165	0	0	74	90	10	0
724	44610.39	1	1	0	74.08	73.6	71.6	57.1	755.5	70.92	91	76	166	0	0	74	90	10	0
725	44610.39	1	1	0	74.08	73.6	71.5	56.6	753.1	70.91	90	76	166	0	0	74	90	10	0
726	44610.39	1	1	0	74.09	73.57	71.5	56.6	744.3	70.9	91	76	167	0	0	74	90	10	0
727	44610.39	1	1	0	74.09	73.59	71.5	56.5	752.4	70.87	91	76	166	0	0	74	90	10	0
728	44610.39	1	1	0	74.11	73.54	71.5	57.3	739.8	70.93	91	76	166	0	0	74	90	10	0
729	44610.39	1	1	0	74.11	73.55	71.5	57.3	751.5	70.91	90	76	166	0	0	74	90	10	0
730	44610.39	1	1	0	74.11	73.52	71.5	57.6	751.1	70.94	90	76	166	0	0	74	90	10	0
731	44610.39	1	1	0	74.1	73.54	71.5	57	752.7	70.87	90	76	166	0	0	74	90	10	0
732	44610.4		1	1	0	74.1	73.51	71.5	56.6	747.8	70.85	90	76	166	0	0	74	90	10	0
733	44610.4		1	1	0	74.1	73.53	71.4	56.9	752.4	70.86	90	76	166	0	0	74	90	10	0
734	44610.4		1	1	0	74.1	73.54	71.4	56.5	747.8	70.84	90	76	166	0	0	74	90	10	0
735	44610.4		1	1	0	74.1	73.51	71.4	56.7	753.8	70.87	90	76	166	0	0	74	90	10	0
736	44610.4		1	1	0	74.1	73.51	71.4	57.3	751.5	70.9	91	76	167	0	0	74	90	10	0
737	44610.4		1	1	0	74.1	73.49	71.5	57.8	754.8	70.95	90	76	166	0	0	74	90	10	0
738	44610.4		1	1	0	74.08	73.5	71.5	57.2	751.2	70.91	90	76	166	0	0	74	90	10	0
739	44610.4		1	1	0	74.06	73.5	71.5	57.4	758.3	70.95	91	76	167	0	0	74	90	10	0
740	44610.4		1	1	0	74.04	73.49	71.5	57.5	757.5	70.95	90	76	166	0	0	74	90	10	0
741	44610.4		1	1	0	74.03	73.49	71.5	57.4	748.6	70.95	90	76	166	0	0	74	90	10	0
742	44610.4		1	1	0	74.01	73.5	71.5	57.5	742.8	70.96	90	76	166	0	0	74	90	10	0
743	44610.4		1	1	0	73.98	73.49	71.6	58.2	741.7	71	90	76	166	0	0	74	90	10	0
744	44610.4		1	1	0	73.96	73.49	71.6	58.4	753.6	71.06	91	76	167	0	0	74	90	10	0
745	44610.4		1	4	0	73.94	73.49	71.6	58.6	755.8	71.08	90	76	166	0	0	74	90	10	2
746	44610.4		3	4	0	73.93	73.49	71.7	58.6	753.3	71.09	90	76	166	0	0	74	90	10	2
747	44610.41	3	4	0	73.91	73.5	71.7	58.2	752.7	71.08	90	76	166	0	0	74	90	10	3
748	44610.41	3	4	0	73.89	73.48	71.7	58.4	754.1	71.11	91	76	167	0	0	74	90	10	3
749	44610.41	3	4	0	73.88	73.5	71.6	57.8	757.2	71.05	91	76	166	0	0	74	90	10	2
750	44610.41	3	4	0	73.88	73.5	71.6	57.3	753.3	71.02	90	76	166	0	0	74	90	10	2
751	44610.41	3	4	0	73.89	73.49	71.6	57.6	755.3	71.04	90	75	166	0	0	74	90	10	2
752	44610.41	3	4	0	73.89	73.48	71.5	57.4	756.9	70.9	91	76	166	0	0	74	90	10	2
753	44610.41	3	4	0	73.89	73.49	71.4	57	763.9	70.91	90	76	166	0	0	74	90	10	2
754	44610.41	3	4	0	73.89	73.5	71.5	57.9	751.9	71.02	91	76	167	0	0	74	90	10	2
755	44610.41	3	4	0	73.89	73.51	71.5	58.4	749.4	71.07	91	76	166	0	0	74	90	10	3
756	44610.41	3	4	0	73.86	73.49	71.6	58.4	752.1	71.11	90	76	166	0	0	74	90	10	3
757	44610.41	3	4	0	73.85	73.52	71.7	58.8	749.5	71.18	91	76	167	0	0	74	90	10	3
758	44610.41	3	4	0	73.83	73.52	71.7	58.6	746.8	71.18	91	76	166	0	0	74	90	10	3
759	44610.41	3	4	0	73.82	73.53	71.8	58.7	750.8	71.21	91	76	166	0	0	74	90	10	3
760	44610.41	3	4	0	73.82	73.51	71.8	58.5	744.6	71.19	91	76	167	0	0	74	90	10	3
761	44610.42	3	4	0	73.82	73.54	71.8	58.8	758.6	71.26	91	76	167	0	0	74	90	10	2
762	44610.42	3	4	0	73.85	73.55	71.8	58.6	761.9	71.27	91	76	167	0	0	74	90	10	2
763	44610.42	3	4	0	73.86	73.58	71.8	59.2	754.9	71.33	91	76	166	0	0	74	90	10	2
764	44610.42	3	4	0	73.87	73.56	71.9	59	769.9	71.31	91	76	166	0	0	66	90	10	2
765	44610.42	3	1	0	73.87	73.59	71.8	58.6	760.1	71.27	91	76	166	0	0	66	90	10	0
766	44610.42	1	1	0	73.85	73.58	71.8	58.6	744.4	71.27	90	76	166	0	0	66	90	10	0
767	44610.42	1	1	0	73.84	73.56	71.8	58.1	756.1	71.23	91	76	167	0	0	66	90	10	0
768	44610.42	1	1	0	73.83	73.61	71.7	57.9	752.3	71.26	91	76	167	0	0	66	90	10	0
769	44610.42	1	1	0	73.85	73.6	71.8	58.2	750.9	71.28	90	76	166	0	0	66	90	10	0
770	44610.42	1	1	0	73.88	73.6	71.8	58.4	760.1	71.29	90	76	166	0	0	66	90	10	0
771	44610.42	1	1	0	73.92	73.6	71.8	58.1	751.7	71.28	90	76	166	0	0	66	90	10	0
772	44610.42	1	1	0	73.94	73.61	71.8	58.3	753.7	71.3	91	76	167	0	0	66	90	10	0
773	44610.42	1	1	0	73.96	73.6	71.8	58.4	762.6	71.3	90	76	166	0	0	66	90	10	0
774	44610.42	1	1	0	74.01	73.61	71.8	58.4	754.5	71.33	91	76	167	0	0	66	90	10	0
775	44610.43	1	1	0	74	73.62	71.9	58.9	753	71.38	90	75	166	0	0	66	90	10	0
776	44610.43	1	1	0	74	73.63	71.9	58.7	756.8	71.38	90	76	166	0	0	66	90	10	0
777	44610.43	1	1	0	74	73.64	71.9	59.4	749.6	71.47	91	76	166	0	0	66	90	10	0
778	44610.43	1	1	0	74	73.64	72	59.5	768.2	71.5	91	76	166	0	0	66	90	10	0
779	44610.43	1	1	0	74.01	73.67	72	59.6	757.1	71.53	90	75	166	0	0	66	90	10	0
780	44610.43	1	1	0	74.02	73.68	72.1	59.6	758.7	71.58	91	76	167	0	0	66	90	10	0
781	44610.43	1	1	0	74.01	73.67	72.1	59.4	765.6	71.58	90	76	166	0	0	66	90	10	0
782	44610.43	1	1	0	74.01	73.71	72.1	59.5	759.7	71.63	91	75	166	0	0	66	90	10	0
783	44610.43	1	1	0	74.01	73.73	72.2	60.2	763.1	71.68	90	76	166	0	0	66	90	10	0
784	44610.43	1	1	0	74.01	73.72	72.2	60.4	750.4	71.75	90	76	166	0	0	66	90	10	0
785	44610.43	1	1	0	74	73.77	72.3	60.2	759.3	71.75	90	76	166	0	0	66	90	10	0
786	44610.43	1	1	0	74	73.77	72.3	59.7	763.3	71.74	90	76	166	0	0	66	90	10	0
787	44610.43	1	1	0	74	73.79	72.3	59.9	748.9	71.77	90	76	166	0	0	66	90	10	0
788	44610.43	1	1	0	74	73.82	72.3	60.2	759.9	71.81	91	76	166	0	0	66	90	10	0
789	44610.43	1	1	0	74	73.84	72.4	59.6	752.8	71.78	90	76	166	0	0	66	90	10	0
790	44610.44	1	1	0	74	73.86	72.3	59.6	757.7	71.77	90	76	166	0	0	66	90	10	0
791	44610.44	1	1	0	74	73.83	72.3	59.2	762.2	71.68	90	75	166	0	0	66	90	10	0
792	44610.44	1	1	0	74	73.86	72.2	59.2	758.7	71.69	90	76	166	0	0	66	90	10	0
793	44610.44	1	1	0	74	73.87	72.2	59	754.6	71.76	90	76	166	0	0	66	90	10	0
794	44610.44	1	1	0	74	73.87	72.2	59.7	762.3	71.79	91	76	166	0	0	66	90	10	0
795	44610.44	1	1	0	74	73.87	72.3	60.1	759.6	71.86	90	76	166	0	0	66	90	10	0
796	44610.44	1	1	0	74	73.91	72.3	59.3	764.4	71.79	90	75	166	0	0	66	90	10	0
797	44610.44	1	1	0	74	73.88	72.4	60	758	71.87	90	76	166	0	0	66	90	10	0
798	44610.44	1	1	0	74	73.9	72.4	59.9	754.5	71.87	90	75	166	0	0	66	90	10	0
799	44610.44	1	1	0	74	73.95	72.4	59.9	750.4	71.87	90	76	166	0	0	66	90	10	0
800	44610.44	1	1	0	74	73.93	72.4	59.8	756.9	71.9	90	76	166	0	0	66	90	10	0
801	44610.44	1	1	0	74	73.95	72.4	59.6	750.6	71.88	90	76	166	0	0	66	90	10	0
802	44610.44	1	1	0	74	73.97	72.4	59.8	761.9	71.9	90	76	166	0	0	66	90	10	0
803	44610.44	1	1	0	74.01	73.98	72.4	59.6	761.5	71.88	90	76	166	0	0	66	90	10	0
804	44610.45	1	1	0	74.03	73.98	72.4	59.4	751.4	71.88	90	76	165	0	0	66	90	10	0
805	44610.45	1	1	0	74.05	74	72.4	59.5	756.8	71.9	90	76	166	0	0	66	90	10	0
806	44610.45	1	1	0	74.06	74	72.4	59.8	756.6	71.96	90	75	166	0	0	66	90	10	0
807	44610.45	1	1	0	74.07	74.01	72.4	59.4	760	71.9	90	75	166	0	0	66	90	10	0
808	44610.45	1	1	0	74.08	74.05	72.4	59	753	71.88	90	76	166	0	0	66	90	10	0
809	44610.45	1	1	0	74.08	74.09	72.4	59.3	750.5	71.97	90	76	166	0	0	66	90	10	0
810	44610.45	1	1	0	74.09	74.05	72.4	59.3	758.4	71.98	90	75	165	0	0	66	90	10	0
811	44610.45	1	1	0	74.09	74.07	72.5	60.3	765.4	72.05	90	75	166	0	0	66	90	10	0
812	44610.45	1	1	0	74.09	74.1	72.6	60.1	759.2	72.06	90	76	166	0	0	66	90	10	0
813	44610.45	1	1	0	74.1	74.14	72.6	61	760.4	72.17	90	76	166	0	0	66	90	10	0
814	44610.45	1	1	0	74.1	74.14	72.7	60.4	759	72.16	90	76	167	0	0	66	90	10	0
815	44610.45	1	1	0	74.1	74.16	72.7	60.4	757.4	72.17	90	75	166	0	0	66	90	10	0
816	44610.45	1	1	0	74.12	74.18	72.7	60.2	761.7	72.18	90	76	166	0	0	66	90	10	0
817	44610.45	1	1	0	74.14	74.17	72.8	61.3	757.3	72.3	91	76	166	0	0	66	90	10	0
818	44610.45	1	1	0	74.18	74.19	72.8	62.1	748.4	72.38	91	76	166	0	0	66	90	10	0
819	44610.46	1	1	0	74.22	74.22	73	62	765.1	72.44	91	76	166	0	0	66	90	10	0
820	44610.46	1	1	0	74.24	74.23	73	61.8	752	72.46	91	76	167	0	0	66	90	10	0
821	44610.46	1	1	0	74.25	74.26	73	61.5	755.3	72.46	91	76	167	0	0	66	90	10	0
822	44610.46	1	1	0	74.26	74.26	73	62.2	762.9	72.56	90	75	166	0	0	66	90	10	0
823	44610.46	1	1	0	74.27	74.31	73.1	62.1	755.4	72.59	90	75	165	0	0	66	90	10	0
824	44610.46	1	1	0	74.28	74.31	73.2	62.3	764.2	72.66	90	75	166	0	0	66	90	10	0
825	44610.46	1	1	0	74.29	74.35	73.2	62.3	758	72.67	90	75	166	0	0	66	90	10	0
826	44610.46	1	1	0	74.32	74.37	73.2	62.9	753	72.78	90	76	166	0	0	66	90	10	0
827	44610.46	1	1	0	74.35	74.38	73.3	62.5	759.7	72.77	91	76	166	0	0	66	90	10	0
828	44610.46	1	1	0	74.36	74.38	73.3	62.5	760.2	72.78	90	76	166	0	0	66	90	10	0
829	44610.46	1	1	0	74.37	74.43	73.3	63	763	72.84	90	75	166	0	0	66	90	10	0
830	44610.46	1	1	0	74.38	74.47	73.4	63.4	753.2	72.94	90	75	165	0	0	66	90	10	0
831	44610.46	1	1	0	74.4	74.48	73.5	63.8	758.9	72.98	90	75	165	0	0	66	90	10	0
832	44610.46	1	1	0	74.43	74.49	73.6	63.6	755.9	72.98	90	75	166	0	0	66	90	10	0
833	44610.47	1	1	0	74.44	74.55	73.6	63.7	761.5	73.08	91	76	167	0	0	66	90	10	0
834	44610.47	1	1	0	74.45	74.52	73.6	63.3	746	73.07	90	75	166	0	0	66	90	10	0
835	44610.47	1	1	0	74.47	74.57	73.6	63.3	761.5	73.08	90	76	166	0	0	66	90	10	0
836	44610.47	1	1	0	74.48	74.57	73.6	63.1	753.8	73.08	90	75	166	0	0	66	90	10	0
837	44610.47	1	1	0	74.48	74.63	73.6	63	765.1	73.09	90	75	166	0	0	66	90	10	0
838	44610.47	1	1	0	74.49	74.64	73.6	63.7	751	73.18	90	75	166	0	0	66	90	10	0
839	44610.47	1	1	0	74.49	74.66	73.7	63.6	760.6	73.18	91	76	166	0	0	66	90	10	0
840	44610.47	1	1	0	74.49	74.68	73.7	63.8	754.1	73.27	90	75	166	0	0	66	90	10	0
841	44610.47	1	1	0	74.51	74.68	73.7	63.6	751.1	73.27	91	76	167	0	0	66	90	10	0
842	44610.47	1	1	0	74.53	74.67	73.8	63.8	759.9	73.27	91	75	166	0	0	66	90	10	0
843	44610.47	1	1	0	74.55	74.73	73.8	64	763.2	73.32	91	75	166	0	0	66	90	10	0
844	44610.47	1	1	0	74.57	74.75	73.8	63.7	760.3	73.34	91	75	166	0	0	66	90	10	0
845	44610.47	1	1	0	74.57	74.76	73.9	64	748.1	73.38	91	75	166	0	0	66	90	10	0
846	44610.47	1	1	0	74.58	74.82	73.9	64	756.2	73.38	91	75	166	0	0	66	90	10	0
847	44610.48	1	1	0	74.59	74.79	73.9	63.8	756.3	73.41	90	75	166	0	0	66	90	10	0
848	44610.48	1	1	0	74.59	74.81	73.9	64	756.9	73.45	91	75	166	0	0	66	90	10	0
849	44610.48	1	1	0	74.62	74.85	73.9	63.9	752.1	73.45	91	75	166	0	0	66	90	10	0
850	44610.48	1	1	0	74.64	74.87	74	63.4	758.7	73.44	90	75	165	0	0	66	90	10	0
851	44610.48	1	1	0	74.66	74.88	73.9	63.6	759	73.47	91	76	166	0	0	66	90	10	0
852	44610.48	1	1	0	74.67	74.94	74	63.3	752.8	73.46	91	75	166	0	0	66	90	10	0
853	44610.48	1	1	0	74.66	74.9	73.9	63.3	761.6	73.46	91	75	166	0	0	66	90	10	0
854	44610.48	1	1	0	74.65	74.94	74	63.5	755.6	73.51	91	75	166	0	0	66	90	10	0
855	44610.48	1	1	0	74.67	74.95	74.1	64.3	763.2	73.59	91	75	165	0	0	66	90	10	0
856	44610.48	1	1	0	74.67	74.97	74.1	64.8	777	73.61	91	75	166	0	0	66	90	10	0
857	44610.48	1	1	0	74.71	74.97	74.1	64.2	756.7	73.62	90	75	165	0	0	66	90	10	0
858	44610.48	1	1	0	74.73	74.99	74.1	63.7	761.4	73.56	90	75	165	0	0	66	90	10	0
859	44610.48	1	1	0	74.75	74.97	74.1	64.1	760	73.59	91	75	166	0	0	66	90	10	0
860	44610.48	1	1	0	74.76	75.03	74.1	64.1	766.7	73.62	91	75	166	0	0	66	90	10	0
861	44610.48	1	1	0	74.77	75.02	74.1	64.2	763.5	73.69	91	75	166	0	0	66	90	10	0
862	44610.49	1	1	0	74.78	75.06	74.2	64.4	757.4	73.71	91	76	167	0	0	66	90	10	0
863	44610.49	1	1	0	74.79	75.07	74.2	64.1	760.8	73.7	90	75	166	0	0	66	90	10	0
864	44610.49	1	1	0	74.79	75.08	74.2	63.3	750.5	73.64	90	75	166	0	0	66	90	10	0
865	44610.49	1	1	0	74.79	75.07	74.1	62.9	762.1	73.62	91	75	166	0	0	66	90	10	0
866	44610.49	1	1	0	74.79	75.09	74.1	62.5	760.8	73.57	90	75	165	0	0	66	90	10	0
867	44610.49	1	1	0	74.8	75.1	74.1	62.6	750.7	73.62	91	75	166	0	0	66	90	10	0
868	44610.49	1	1	0	74.8	75.09	74.1	62.9	766.9	73.62	90	75	166	0	0	66	90	10	0
869	44610.49	1	1	0	74.8	75.12	74.1	63.6	767.7	73.71	90	75	165	0	0	66	90	10	0
870	44610.49	1	1	0	74.8	75.1	74.2	63	759.9	73.64	91	75	166	0	0	66	90	10	0
871	44610.49	1	1	0	74.8	75.15	74.2	63.4	768.1	73.67	91	75	166	0	0	66	90	10	0
872	44610.49	1	1	0	74.8	75.15	74.2	63	768.2	73.71	90	75	165	0	0	66	90	10	0
873	44610.49	1	1	0	74.81	75.15	74.2	63.1	761.5	73.68	91	76	166	0	0	66	90	10	0
874	44610.49	1	1	0	74.83	75.15	74.1	62.6	765.2	73.6	90	75	165	0	0	66	90	10	0
875	44610.49	1	1	0	74.85	75.15	74.1	62.5	768.4	73.63	90	75	166	0	0	66	90	10	0
876	44610.5		1	1	0	74.86	75.18	74.1	62.5	760.3	73.64	91	75	166	0	0	66	90	10	0
877	44610.5		1	1	0	74.88	75.2	74.1	63.2	757.6	73.72	91	75	166	0	0	66	90	10	0
878	44610.5		1	1	0	74.89	75.21	74.2	63.1	755.3	73.7	90	75	166	0	0	66	90	10	0
879	44610.5		1	1	0	74.89	75.21	74.2	63	761.8	73.72	90	75	165	0	0	66	90	10	0
880	44610.5		1	1	0	74.92	75.2	74.1	62.8	766.4	73.65	91	75	166	0	0	66	90	10	0
881	44610.5		1	1	0	74.94	75.21	74.1	63.4	759.3	73.74	90	75	165	0	0	66	90	10	0
882	44610.5		1	1	0	74.96	75.2	74.2	63.9	762.9	73.78	91	75	167	0	0	66	90	10	0
883	44610.5		1	1	0	74.97	75.25	74.3	63.7	763.7	73.8	91	76	167	0	0	66	90	10	0
884	44610.5		1	1	0	74.98	75.28	74.3	63.6	762	73.81	90	75	165	0	0	66	90	10	0
885	44610.5		1	1	0	74.98	75.23	74.3	64.1	762.9	73.89	91	76	166	0	0	66	90	10	0
886	44610.5		1	1	0	74.98	75.28	74.4	64.6	767	73.94	90	75	165	0	0	66	90	10	0
887	44610.5		1	1	0	74.98	75.21	74.4	64.3	757.4	73.91	91	75	166	0	0	66	90	10	0
888	44610.5		1	1	0	74.98	75.2	74.5	64.9	772.1	73.97	90	76	166	0	0	66	90	10	0
889	44610.5		1	1	0	74.99	75.17	74.5	64.4	765.1	73.92	90	75	165	0	0	66	90	10	0
890	44610.5		1	1	0	74.97	75.19	74.5	64.3	757.4	73.95	91	75	166	0	0	66	90	10	0
891	44610.51	1	1	0	74.95	75.14	74.5	64.3	763.4	73.95	90	75	166	0	0	66	90	10	0
892	44610.51	1	1	0	74.94	75.15	74.4	63.4	769.3	73.87	91	75	166	0	0	66	90	10	0
893	44610.51	1	1	0	74.93	75.15	74.4	63.9	761.5	73.92	91	75	166	0	0	66	90	10	0
894	44610.51	1	1	0	74.92	75.14	74.4	64.6	763.9	73.99	91	75	166	0	0	66	90	10	0
895	44610.51	1	1	0	74.91	75.12	74.5	65	766.8	74.02	91	75	166	0	0	66	90	10	0
896	44610.51	1	1	0	74.91	75.11	74.5	64.8	759.6	74.02	91	75	166	0	0	66	90	10	0
897	44610.51	1	1	0	74.91	75.13	74.5	64.7	754.1	74	91	75	166	0	0	66	90	10	0
898	44610.51	1	1	0	74.91	75.1	74.5	65.1	762.9	74.03	91	75	167	0	0	66	90	10	0
899	44610.51	1	1	0	74.9	75.11	74.5	65	771.1	74.06	91	75	166	0	0	66	90	10	0
900	44610.51	1	1	0	74.9	75.09	74.5	65.2	761	74.09	91	75	166	0	0	66	90	10	0
901	44610.51	1	1	0	74.9	75.09	74.5	63.8	751.1	73.98	91	75	167	0	0	66	90	10	0
902	44610.51	1	1	0	74.89	75.08	74.5	64.4	762.5	74.04	91	75	166	0	0	66	90	10	0
903	44610.51	1	1	0	74.89	75.09	74.5	64.5	757	74.03	91	75	165	0	0	66	90	10	0
904	44610.51	1	1	0	74.9	75.08	74.5	64.2	757.9	74.01	90	75	165	0	0	66	90	10	0
905	44610.52	1	1	0	74.9	75.08	74.5	64.7	762	74.04	91	75	166	0	0	66	90	10	0
906	44610.52	1	1	0	74.9	75.09	74.5	64.6	759.1	74.05	91	75	166	0	0	66	90	10	0
907	44610.52	1	1	0	74.9	75.1	74.5	64.4	754	74.05	91	76	167	0	0	66	90	10	0
908	44610.52	1	1	0	74.9	75.09	74.5	64.6	763.1	74.06	90	75	166	0	0	66	90	10	0
909	44610.52	1	1	0	74.9	75.08	74.5	64.4	761.1	74.05	90	75	165	0	0	66	90	10	0
910	44610.52	1	1	0	74.9	75.1	74.5	64.4	761.2	74.11	91	75	166	0	0	66	90	10	0
911	44610.52	1	1	0	74.9	75.1	74.6	64.8	756	74.17	91	75	166	0	0	66	90	10	0
912	44610.52	1	1	0	74.9	75.11	74.7	65.1	753.7	74.24	91	75	166	0	0	66	90	10	0
913	44610.52	1	1	0	74.9	75.1	74.7	65	760.3	74.24	91	75	166	0	0	66	90	10	0
914	44610.52	1	1	0	74.9	75.13	74.8	65.7	766.1	74.3	91	75	166	0	0	66	90	10	0
915	44610.52	1	1	0	74.9	75.12	74.9	66	766.8	74.36	91	75	166	0	0	66	90	10	0
916	44610.52	1	1	0	74.9	75.12	74.9	65.9	753.4	74.37	91	76	166	0	0	66	90	10	0
917	44610.52	1	1	0	74.87	75.16	74.9	65.8	756.6	74.4	90	75	166	0	0	66	90	10	0
918	44610.52	1	1	0	74.85	75.17	75	66	760.5	74.45	91	76	166	0	0	66	90	10	0
919	44610.53	1	1	0	74.84	75.18	75	65.3	755.7	74.44	91	75	166	0	0	66	90	10	0
920	44610.53	1	1	0	74.83	75.18	75	65.6	765.4	74.47	91	75	165	0	0	66	90	10	0
921	44610.53	1	1	0	74.82	75.18	75	64.8	768.1	74.43	91	75	167	0	0	66	90	10	0
922	44610.53	1	1	0	74.81	75.19	74.9	65.1	764	74.5	91	75	166	0	0	66	90	10	0
923	44610.53	1	1	0	74.81	75.22	75	65.4	762	74.54	91	75	166	0	0	66	90	10	0
924	44610.53	1	1	0	74.81	75.24	75	65.2	757	74.51	91	76	166	0	0	66	90	10	0
925	44610.53	1	1	0	74.81	75.22	75	65.3	752.5	74.53	91	75	166	0	0	66	90	10	0
926	44610.53	1	1	0	74.8	75.23	75	65.3	767.6	74.56	91	75	165	0	0	66	90	10	0
927	44610.53	1	1	0	74.8	75.27	75	65.5	763.9	74.57	91	75	166	0	0	66	90	10	0
928	44610.53	1	1	0	74.8	75.28	75.1	65.4	759.8	74.59	91	75	166	0	0	66	90	10	0
929	44610.53	1	1	0	74.8	75.27	75.1	65.5	758.9	74.6	91	76	166	0	0	66	90	10	0
930	44610.53	1	1	0	74.8	75.27	75.1	65.3	769.8	74.58	91	75	166	0	0	66	90	10	0
931	44610.53	1	1	0	74.82	75.28	75.1	65.1	761.9	74.58	91	75	166	0	0	66	90	10	0
932	44610.53	1	1	0	74.87	75.27	75	65	757.9	74.57	90	75	166	0	0	66	90	10	0
933	44610.53	1	1	0	74.89	75.27	75	65.1	754.5	74.59	91	75	166	0	0	66	90	10	0
934	44610.54	1	1	0	74.9	75.29	75.1	65.3	767.6	74.64	91	75	166	0	0	66	90	10	0
935	44610.54	1	1	0	74.92	75.29	75.1	65.3	764.1	74.63	91	75	166	0	0	66	90	10	0
936	44610.54	1	1	0	74.94	75.32	75.1	65.8	755.9	74.67	91	75	165	0	0	66	90	10	0
937	44610.54	1	1	0	74.96	75.33	75.1	65.5	765.7	74.67	91	76	167	0	0	66	90	10	0
938	44610.54	1	1	0	74.94	75.31	75.1	65.1	769.6	74.65	90	76	166	0	0	66	90	10	0
939	44610.54	1	1	0	74.93	75.32	75.1	64.9	758.7	74.65	90	75	165	0	0	66	90	10	0
940	44610.54	1	1	0	74.92	75.34	75.1	64.5	765.7	74.58	91	76	166	0	0	66	90	10	0
941	44610.54	1	1	0	74.92	75.33	75.1	65.2	766.6	74.65	91	75	166	0	0	66	90	10	0
942	44610.54	1	1	0	74.91	75.32	75.1	64.7	759.7	74.59	91	76	166	0	0	66	90	10	0
943	44610.54	1	1	0	74.89	75.35	75.1	65.1	759.7	74.66	91	75	165	0	0	66	90	10	0
944	44610.54	1	1	0	74.88	75.35	75.2	65.9	760.4	74.76	91	75	166	0	0	66	90	10	0
945	44610.54	1	1	0	74.89	75.35	75.2	65.3	771.3	74.69	91	75	166	0	0	66	90	10	0
946	44610.54	1	1	0	74.89	75.4	75.2	65	762.2	74.67	91	75	166	0	0	66	90	10	0
947	44610.54	1	1	0	74.87	75.4	75.1	64.4	757.7	74.63	91	76	167	0	0	66	90	10	0
948	44610.55	1	1	0	74.85	75.41	75.1	64.4	763.5	74.65	91	75	166	0	0	66	90	10	0
949	44610.55	1	1	0	74.84	75.42	75.1	65.3	758.6	74.71	91	75	166	0	0	66	90	10	0
950	44610.55	1	1	0	74.83	75.47	75.2	65.4	762.7	74.76	91	75	166	0	0	66	90	10	0
951	44610.55	1	1	0	74.82	75.49	75.3	65.1	764.4	74.76	90	76	166	0	0	66	90	10	0
952	44610.55	1	1	0	74.81	75.53	75.2	64.8	757.9	74.76	91	75	166	0	0	66	90	10	0
953	44610.55	1	1	0	74.84	75.59	75.3	65.3	752.5	74.83	90	75	166	0	0	66	90	10	0
954	44610.55	1	1	0	74.85	75.63	75.4	65.7	756.9	74.9	91	76	167	0	0	66	90	10	0
955	44610.55	1	1	0	74.87	75.65	75.5	65.8	756.9	74.96	91	76	166	0	0	66	90	10	0
956	44610.55	1	1	0	74.88	75.69	75.5	64.9	759	74.9	91	75	166	0	0	66	90	10	0
957	44610.55	1	1	0	74.9	75.71	75.5	65.3	767.3	74.99	91	76	167	0	0	66	90	10	0
958	44610.55	1	1	0	74.93	75.75	75.5	65.4	756.9	75.03	91	75	166	0	0	66	90	10	0
959	44610.55	1	1	0	74.95	75.81	75.5	66	757.5	75.11	91	75	166	0	0	66	90	10	0
960	44610.55	1	1	0	74.99	75.82	75.6	65.9	762	75.11	91	75	166	0	0	66	90	10	0
961	44610.55	1	1	0	75.05	75.84	75.5	65	762.9	75.06	91	76	167	0	0	66	90	10	0
962	44610.55	1	1	0	75.09	75.85	75.5	64.7	764.1	75.06	91	75	165	0	0	66	90	10	0
963	44610.56	1	1	0	75.16	75.88	75.5	64.5	768	74.99	91	75	166	0	0	66	90	10	0
964	44610.56	1	1	0	75.2	75.87	75.5	64.9	760.1	75.05	91	75	166	0	0	66	90	10	0
965	44610.56	1	1	0	75.23	75.92	75.5	65.1	769.7	75.07	91	75	166	0	0	66	90	10	0
966	44610.56	1	1	0	75.24	75.96	75.5	65.3	755	75.1	91	75	166	0	0	66	90	10	0
