#1
double tab1(450,20)
0	44664	3	4	0	59.982993	58.2	48.4	43.1	922.5	51.96	822.6851268	812.1396458	1634.824773	0	1	60	100	5	25
1	44664	3	4	0	59.682802	58.14	54.1	43.3	911.6	57.19	842.5499633	825.2910253	1667.840989	1	1	60	100	5	48
2	44664	3	4	0	59.308063	58.09	59.6	42.9	888.4	61.22	842.830719	830.4813223	1673.312041	1	1	60	100	5	45
3	44664	3	4	0	59.127078	58.03	63.5	43	907	63.3	625.2577545	606.4931707	1231.750925	1	1	60	100	5	41
4	44664	3	4	0	59.04844	58.06	65.7	42.9	919	64.14	579.0810145	558.1933823	1137.274397	0	1	60	100	5	36
5	44664	3	4	0	59.082412	58.08	65.5	43.3	926.7	62.93	577.0370122	554.6745026	1131.711515	0	1	60	100	5	30
6	44664	3	4	0	59.215579	58.12	64.4	43.4	938.4	62.47	432.9213604	412.8754132	845.7967737	0	1	60	100	5	23
7	44664	3	4	0	59.366857	58.14	63.7	43.1	953.2	62.3	153.551866	139.2340954	292.7859614	0	1	60	100	5	19
8	44664.01	3	4	0	59.521339	58.2	62.6	43	962.7	57.01	153.8920118	140.302541	294.1945528	0	0	60	100	5	17
9	44664.01	3	4	0	59.715256	58.26	56.3	43	985.1	53.22	154.8071769	140.2901911	295.097368	0	0	60	100	5	11
10	44664.01	3	4	0	59.930722	58.31	52	42.6	971.4	50.47	154.8913024	140.4884872	295.3797895	0	0	60	100	5	5
11	44664.01	3	4	0	60.129196	58.35	48.9	42.6	979.8	49.32	154.5602335	140.7983184	295.3585519	0	0	60	100	5	4
12	44664.01	3	4	0	60.256784	58.32	47.4	43.1	971.9	48.31	154.979099	140.5798141	295.5589131	0	0	60	100	5	6
13	44664.01	3	4	0	60.332695	58.28	46.7	42.9	964.4	47.41	288.5286342	272.1839103	560.7125445	0	0	60	100	5	4
14	44664.01	3	4	0	60.358035	58.25	46.1	42.6	956.4	46.79	546.2411881	529.2401551	1075.481343	0	0	60	100	5	9
15	44664.01	3	4	0	60.267208	58.19	46.4	42.2	924	50.3	699.6359177	677.4068227	1377.04274	0	1	60	100	5	21
16	44664.01	3	4	0	60.011294	58.1	52.3	42.6	909.6	55.53	837.9112742	815.2910172	1653.202291	0	1	60	100	5	36
17	44664.01	3	4	0	59.625034	58.03	57.2	42.5	897.3	59.3	843.0835953	823.2998734	1666.383469	1	1	60	100	5	48
18	44664.01	3	4	0	59.310149	57.98	62.1	42.3	905	62.11	843.2600484	825.7464981	1669.006547	1	1	60	100	5	51
19	44664.01	3	4	0	59.028299	57.96	64.6	42.4	907.5	63.63	773.289768	753.5089432	1526.798711	1	1	60	100	5	48
20	44664.01	3	4	0	58.90413	57.95	65.7	42	922	64.28	586.3664393	562.0766657	1148.443105	1	1	60	100	5	43
21	44664.01	3	4	0	58.913911	57.97	66.4	42.7	932.8	63.89	580.3686315	556.1928956	1136.561527	0	1	60	100	5	39
22	44664.02	3	4	0	59.011441	58.01	65.1	43.2	938.2	62.97	539.9092195	517.4928013	1057.402021	0	1	60	100	5	32
23	44664.02	3	4	0	59.13674	58.06	64	43.1	952.6	62.61	153.6195463	138.2791776	291.8987239	0	1	60	100	5	28
24	44664.02	3	4	0	59.309384	58.08	63.4	43.1	939.7	61.17	153.9288609	140.0321028	293.9609637	0	0	60	100	5	22
25	44664.02	3	4	0	59.488441	58.17	57.9	43.3	983.3	54.72	154.3254168	140.0170405	294.3424573	0	0	60	100	5	20
26	44664.02	3	4	0	59.701273	58.22	53.2	43.3	976.7	51.81	154.5988223	140.2576235	294.8564457	0	0	60	100	5	12
27	44664.02	3	4	0	59.917728	58.26	50	43.3	974.5	50.18	154.3490827	140.8759583	295.225041	0	0	60	100	5	6
28	44664.02	3	4	0	60.129724	58.26	48.2	43.2	964.8	48.91	154.6768098	141.1159839	295.7927937	0	0	60	100	5	5
29	44664.02	3	4	0	60.274269	58.22	47.2	43.1	969.4	48.09	519.63046	444.6532093	964.2836693	0	0	60	100	5	7
30	44664.02	3	4	0	60.322542	58.18	46.5	42.9	960.4	47.27	565.6561976	546.4868342	1112.143032	0	0	60	100	5	15
31	44664.02	3	4	0	60.250333	58.13	49.7	42.8	925.6	53.37	831.6024688	814.2467631	1645.849232	0	1	60	100	5	25
32	44664.02	3	4	0	60.005193	58.06	54.8	42.5	908.5	56.6	849.1785802	830.100202	1679.278782	1	1	60	100	5	41
33	44664.02	3	4	0	59.630586	58.01	59.9	42.8	897	61.33	850.3749583	833.6184855	1683.993444	1	1	60	100	5	50
34	44664.02	3	4	0	59.353197	57.97	63.9	42.8	900.3	63.19	707.1892528	684.8337758	1392.023029	1	1	60	100	5	47
35	44664.02	3	4	0	59.215181	57.96	65.7	42.3	916	64.27	582.5891587	558.9937866	1141.582945	1	1	60	100	5	41
36	44664.03	3	4	0	59.176867	57.98	65.9	42.6	938.8	63.22	575.873909	555.5599258	1131.433835	0	1	60	100	5	34
37	44664.03	3	4	0	59.237336	58.03	64.6	42.4	945.9	62.19	573.5946442	552.2771113	1125.871756	0	1	60	100	5	30
38	44664.03	3	4	0	59.355618	58.07	63.4	42.5	940	62.07	220.2799747	204.8418042	425.1217788	0	1	60	100	5	26
39	44664.03	3	4	0	59.486045	58.11	62.8	42.1	946.6	61.82	154.0539234	139.8447708	293.8986942	0	1	60	100	5	24
40	44664.03	3	4	0	59.645327	58.16	58.9	41.9	980.7	54.59	154.3020043	140.5514459	294.8534502	0	0	60	100	5	18
41	44664.03	3	4	0	59.814643	58.22	52.9	42.3	990.8	51.65	154.5779894	140.7829019	295.3608912	0	0	60	100	5	12
42	44664.03	3	4	0	60.020375	58.3	49.9	42.3	985.9	49.6	154.3361363	141.1919418	295.5280781	0	0	60	100	5	8
43	44664.03	3	4	0	60.194553	58.26	47.4	41.8	964.5	48.2	155.1715001	140.790842	295.9623421	0	0	60	100	5	9
44	44664.03	3	4	0	60.285429	58.21	46.3	41.8	959.3	47.18	449.7563249	432.5732739	882.3295988	0	0	60	100	5	11
45	44664.03	3	4	0	60.314578	58.18	45.5	41.5	959.8	46.45	642.3116867	625.1132802	1267.424967	0	0	60	100	5	15
46	44664.03	3	4	0	60.206527	58.11	48.4	41.2	920.9	52.82	836.1227101	818.7465942	1654.869304	0	1	60	100	5	29
47	44664.03	3	4	0	59.863958	58.02	54.6	41.6	908	57.22	848.3928258	828.7550272	1677.147853	1	1	60	100	5	54
48	44664.03	3	4	0	59.429226	57.96	59.9	42.2	905.8	61.01	850.0063593	830.8775629	1680.883922	1	1	60	100	5	56
49	44664.03	3	4	0	59.161206	57.92	63.4	42.6	906.4	62.79	699.4761606	676.6805435	1376.156704	1	1	60	100	5	51
50	44664.03	3	4	0	59.067119	57.87	65.4	42.4	917	63.86	582.157166	558.9924616	1141.149628	1	1	60	100	5	44
51	44664.04	3	4	0	59.09693	57.91	65.5	42.1	933.4	62.47	576.1704041	555.2709146	1131.441319	0	1	60	100	5	36
52	44664.04	3	4	0	59.217062	57.92	64	41.8	946.8	61.7	575.2330393	554.410698	1129.643737	0	1	60	100	5	33
53	44664.04	3	4	0	59.375038	57.99	62.9	41.9	951.5	61.54	384.2922314	365.0975474	749.3897788	0	1	60	100	5	29
54	44664.04	3	4	0	59.509203	58.01	62.4	42.1	944.6	61.52	153.6282391	139.1825964	292.8108355	0	1	60	100	5	25
55	44664.04	3	4	0	59.662209	58.02	60.8	42.1	976.7	56.3	154.4224188	139.9967334	294.4191522	0	0	60	100	5	21
56	44664.04	3	4	0	59.83695	58.1	54.5	42.2	980.1	52.05	154.520486	140.208083	294.7285689	0	0	60	100	5	16
57	44664.04	3	4	0	60.043737	58.13	50.4	42	975.8	50.03	154.8259606	140.7502751	295.5762356	0	0	60	100	5	12
58	44664.04	3	4	0	60.240584	58.15	48.1	41.6	976.1	48.32	154.7929571	141.2516775	296.0446346	0	0	60	100	5	8
59	44664.04	3	4	0	60.373186	58.14	46.4	41.6	966.9	47.38	435.4228568	418.6586776	854.0815345	0	0	60	100	5	9
60	44664.04	3	4	0	60.442752	58.06	45.6	41.6	963.3	46.52	620.6384049	602.7859737	1223.424379	0	0	60	100	5	13
61	44664.04	3	4	0	60.326167	58	48.1	41.4	926	52.65	833.6797892	813.4863301	1647.166119	0	1	60	100	5	31
62	44664.04	3	4	0	59.969175	57.91	54.4	41.2	902.5	56.82	846.2402578	824.5941823	1670.83444	1	1	60	100	5	58
63	44664.04	3	4	0	59.506829	57.83	59.4	41.3	896.6	60.48	849.2682815	828.7862879	1678.054569	1	1	60	100	5	60
64	44664.04	3	4	0	59.152678	57.8	62.7	41.5	907.5	62.1	854.482464	834.6834767	1689.165941	1	1	60	100	5	61
65	44664.05	3	4	0	58.933502	57.79	64.7	41.7	915	63.22	775.7376922	751.6319651	1527.369657	1	1	60	100	5	56
66	44664.05	3	4	0	58.899223	57.78	65.7	42.2	924.6	64.36	586.5503968	561.7330322	1148.283429	1	1	60	100	5	49
67	44664.05	3	4	0	58.937434	57.82	66.1	41.8	927.1	63.41	579.9368708	556.680782	1136.617653	0	1	60	100	5	45
68	44664.05	3	4	0	59.019489	57.87	64.4	41.5	938.2	62.01	576.4681055	553.150498	1129.618603	0	1	60	100	5	38
69	44664.05	3	4	0	59.196808	57.93	63	41.7	953	61.69	321.1752678	303.4207083	624.5959761	0	1	60	100	5	32
70	44664.05	3	4	0	59.370273	57.94	62.2	41.8	943.7	61.49	154.1064263	139.7079929	293.8144193	0	1	60	100	5	30
71	44664.05	3	4	0	59.551829	58	59.1	42.4	985.4	55.65	155.2417796	139.7412866	294.9830662	0	0	60	100	5	22
72	44664.05	3	4	0	59.764583	58.05	54.5	41.8	995.8	52.01	154.7114733	140.262329	294.9738023	0	0	60	100	5	20
73	44664.05	3	4	0	59.974781	58.13	50.3	41.2	989.4	49.55	155.0578858	140.4287332	295.486619	0	0	60	100	5	16
74	44664.05	3	4	0	60.198415	58.1	47.7	41.6	971.7	48.2	382.4552863	364.291714	746.7470003	0	0	60	100	5	11
75	44664.05	3	4	0	60.341445	58.03	46.4	42.2	965	47.47	560.9594619	540.812438	1101.7719	0	0	60	100	5	15
76	44664.05	3	4	0	60.372513	58	47.7	42.6	935.1	51.65	821.5644368	803.7853373	1625.349774	0	1	60	100	5	23
77	44664.05	3	4	0	60.211562	57.94	53.4	42.8	913.6	56.38	852.6031327	834.5762925	1687.179425	1	1	60	100	5	41
78	44664.05	3	4	0	59.899429	57.85	58.6	42.7	898	60.66	856.922406	835.6882553	1692.610661	1	1	60	100	5	47
79	44664.05	3	4	0	59.682784	57.81	63	42.8	907.3	62.85	765.7810705	744.4584579	1510.239528	1	1	60	100	5	46
80	44664.06	3	4	0	59.561949	57.81	65.3	42.6	915.6	64.07	586.5835424	565.8560033	1152.439546	1	1	60	100	5	42
81	44664.06	3	4	0	59.519961	57.81	66.3	42.8	935.4	63.81	581.3311361	558.7935126	1140.124649	0	1	60	100	5	38
82	44664.06	3	4	0	59.553552	57.83	64.9	42.8	936.3	62.61	579.9320963	556.5466696	1136.478766	0	1	60	100	5	33
83	44664.06	3	4	0	59.620339	57.88	63.8	42.7	944.8	62.22	579.9367361	555.6412643	1135.578	0	1	60	100	5	33
84	44664.06	3	4	0	59.688027	57.89	63.2	42.8	957.5	62.15	235.8984239	219.6685342	455.5669581	0	1	60	100	5	31
85	44664.06	3	4	0	59.764472	57.95	62.8	42.7	944.3	62.09	154.0217588	139.742302	293.7640607	0	1	60	100	5	29
86	44664.06	3	4	0	59.8825	58.03	59.1	42.6	990.8	55.45	154.7009476	140.093604	294.7945516	0	0	60	100	5	25
87	44664.06	3	4	0	60.025642	58.08	53.8	42.6	985.5	51.92	154.9592239	139.8993929	294.8586168	0	0	60	100	5	16
88	44664.06	3	4	0	60.191293	58.1	50.5	42.5	975.7	50.09	456.7305814	437.7660806	894.4966621	0	0	60	100	5	14
89	44664.06	3	4	0	60.305528	58.1	48.2	42.7	970.7	48.71	564.2092947	543.3915873	1107.600882	0	0	60	100	5	22
90	44664.06	3	4	0	60.275477	58.09	49.7	42.6	930.4	54.97	574.0479314	551.0670634	1125.114995	0	1	60	100	5	26
91	44664.06	3	4	0	60.173723	58.02	55.3	42.5	919.7	57.4	576.6857244	552.7077077	1129.393432	0	1	60	100	5	30
92	44664.06	3	4	0	60.051544	58	58.6	42.6	927.4	58.82	576.4291122	552.580929	1129.010041	0	1	60	100	5	36
93	44664.06	3	4	0	59.956276	57.99	60.2	42.4	923.8	59.52	575.8291321	551.4559266	1127.285059	0	1	60	100	5	34
94	44664.07	3	4	0	59.906825	57.97	61	42	927.2	59.79	577.8162968	553.0026642	1130.818961	0	1	60	100	5	30
95	44664.07	3	4	0	59.923975	57.94	61.2	42.1	934.9	60.2	576.6967519	553.1282343	1129.824986	0	1	60	100	5	28
96	44664.07	3	4	0	59.998778	57.98	61.5	42	941.7	60.45	573.2818112	550.0862288	1123.36804	0	1	60	100	5	20
97	44664.07	3	4	0	60.107509	57.99	61.6	42.1	941.6	60.69	155.8622315	140.7779565	296.640188	0	1	60	100	5	20
98	44664.07	3	4	0	60.223874	58	61.7	42.2	944	60.71	154.3823237	140.0204189	294.4027427	0	0	60	100	5	16
99	44664.07	3	4	0	60.335804	58.04	57.7	42.1	974.9	53.45	154.8663675	140.4175931	295.2839606	0	0	60	100	5	13
100	44664.07	3	4	0	60.461601	58.1	52.3	42.2	968.1	50.74	154.8347579	140.3252691	295.1600269	0	0	60	100	5	11
101	44664.07	3	4	0	60.553307	58.08	49.3	42.3	967.6	49.07	155.1406709	140.6599625	295.8006334	0	0	60	100	5	10
102	44664.07	3	4	0	60.620161	58.05	47.5	42.3	969.1	48.06	297.4528138	280.1576352	577.610449	0	0	60	100	5	8
103	44664.07	3	4	0	60.666997	58.02	46.4	42.5	953.4	47.38	554.6236649	535.2172628	1089.840928	0	0	60	100	5	16
104	44664.07	3	4	0	60.491441	57.93	46.5	42.2	926.1	51.61	785.2414566	762.8772583	1548.118715	0	1	60	100	5	34
105	44664.07	3	4	0	60.156661	57.86	52	42.4	912.1	55.37	852.4777374	830.2158915	1682.693629	0	1	60	100	5	48
106	44664.07	3	4	0	59.660606	57.79	57.8	42.2	900.5	59.94	857.1149841	835.4699178	1692.584902	1	1	60	100	5	63
107	44664.07	3	4	0	59.274781	57.72	62.4	42.5	908.2	62.06	858.2762476	836.6455241	1694.921772	1	1	60	100	5	62
108	44664.08	3	4	0	59.020616	57.69	64.6	42.5	924.5	63.62	857.4798182	834.3445775	1691.824396	1	1	60	100	5	57
109	44664.08	3	4	0	58.944629	57.68	65.9	42.4	917.5	64.41	857.7433879	833.8993953	1691.642783	1	1	60	100	5	49
110	44664.08	3	4	0	58.959634	57.7	66.6	42.2	927.6	65.07	730.0695287	704.3155853	1434.385114	1	1	60	100	5	50
111	44664.08	3	4	0	59.008573	57.77	66.9	42.2	923.1	65.73	585.7109187	559.5666758	1145.277595	1	1	60	100	5	46
112	44664.08	3	4	0	59.11465	57.8	66.9	42.2	946.6	64.41	581.2598694	556.8378281	1138.097697	0	1	60	100	5	43
113	44664.08	3	4	0	59.23908	57.86	64.9	42.2	952.4	62.9	577.7325994	554.951267	1132.683866	0	1	60	100	5	37
114	44664.08	3	4	0	59.382989	57.92	63.6	42.2	945.6	62.54	463.1465776	440.5665307	903.7131083	0	1	60	100	5	35
115	44664.08	3	4	0	59.533999	57.96	63	42.5	948.9	62.37	153.7069725	138.9966782	292.7036507	0	1	60	100	5	31
116	44664.08	3	4	0	59.707385	58.06	62.2	42.4	966.5	60.05	154.5801155	139.5049044	294.0850199	0	0	60	100	5	25
117	44664.08	3	4	0	59.915084	58.09	56.5	42.1	995.3	53.31	155.1566027	140.3152156	295.4718183	0	0	60	100	5	19
118	44664.08	3	4	0	60.138696	58.18	51.7	41.9	974.2	50.69	154.9257953	140.5181575	295.4439527	0	0	60	100	5	14
119	44664.08	3	4	0	60.31791	58.18	48.6	42.1	969.8	49.07	441.1226828	422.8092822	863.9319649	0	0	60	100	5	14
120	44664.08	3	4	0	60.437556	58.15	47	41.9	962.4	47.94	563.2777471	541.8593821	1105.137129	0	0	60	100	5	18
121	44664.08	3	4	0	60.427378	58.11	48.8	42.1	925.6	53.71	571.0284851	548.3327743	1119.361259	0	1	60	100	5	23
122	44664.08	3	4	0	60.354859	58.1	54.2	42	917.5	56.76	588.549618	561.9765563	1150.526174	0	1	60	100	5	27
123	44664.09	3	4	0	60.212592	58.2	57.6	41.8	899.6	58.14	635.9423279	600.5246724	1236.467	0	1	60	100	5	33
124	44664.09	3	4	0	60.10078	58.68	60.5	41.5	892.8	62.14	647.2301921	610.8445384	1258.07473	0	1	60	100	5	33
125	44664.09	3	4	0	60.029268	58.9	65.1	41.3	885.1	65.87	653.6219803	614.8874395	1268.50942	0	1	60	100	5	31
126	44664.09	3	4	0	59.994237	59.14	68.2	41.1	894.2	67.47	657.214417	618.6958933	1275.91031	0	1	60	100	5	28
127	44664.09	3	4	0	60.022899	59.53	70.2	41	905.5	68.87	661.6571568	623.4351288	1285.092286	0	1	60	100	5	27
128	44664.09	3	4	0	60.090893	60.04	71.4	41.1	908.3	69.96	310.2189835	288.0239195	598.242903	0	1	60	100	5	21
129	44664.09	3	4	0	60.155661	60.44	72.3	41.1	907.8	70.92	151.7570367	137.5853613	289.342398	0	1	60	100	5	23
130	44664.09	3	4	0	60.232777	60.93	70.9	41.1	950	65.68	152.2150066	137.9134414	290.128448	0	0	60	100	5	19
131	44664.09	3	4	0	60.343194	61.15	65.7	41.5	946.7	62.71	152.3221588	138.2391454	290.5613043	0	0	60	100	5	11
132	44664.09	3	4	0	60.494089	61.14	62.3	41.6	962.2	61.24	152.5178354	138.4213099	290.9391453	0	0	60	100	5	8
133	44664.09	3	4	0	60.641191	61.08	60.4	41.6	958.3	60.28	152.534869	138.3387258	290.8735948	0	0	60	100	5	6
134	44664.09	3	4	0	60.785528	61.02	59.3	41.5	952.1	59.58	152.5452774	138.4578876	291.003165	0	0	60	100	5	1
135	44664.09	3	4	0	60.93495	60.93	58.6	41.4	945	58.97	156.72145	139.5811943	296.3026444	0	0	60	100	5	0
136	44664.09	1	4	0	61.080978	60.84	58.2	41.3	936.7	58.54	159.8172784	140.5759025	300.3931809	0	0	60	100	5	0
137	44664.1	1	1	1	61.221633	60.76	56.4	41.4	957	54.97	159.8547537	140.3312859	300.1860396	0	0	60	100	5	0
138	44664.1	1	1	1	61.324171	60.6	55	41.4	938.9	55.58	159.3663983	140.1185914	299.4849897	0	0	60	100	5	0
139	44664.1	1	1	1	61.39892	60.45	55.1	41.4	925.3	55.8	159.7173697	139.8941715	299.6115412	0	0	60	100	5	0
140	44664.1	1	1	1	61.473413	60.25	55.5	41.3	935.9	55.96	159.6370235	140.0745268	299.7115503	0	0	60	100	5	0
141	44664.1	1	1	1	61.551918	60.15	55.8	41.2	918.8	56.02	159.6218291	140.0045486	299.6263776	0	0	60	100	5	0
142	44664.1	1	1	1	61.592048	60.04	56.1	41.3	925	56.03	159.6203505	140.141624	299.7619745	0	0	60	100	5	0
143	44664.1	1	1	1	61.621303	59.98	56.1	41.4	926.4	56.02	159.1965365	140.0362498	299.2327863	0	0	60	100	5	0
144	44664.1	1	1	1	61.64263	59.88	56.2	41.4	928.8	56.01	159.4915442	139.9316685	299.4232126	0	0	60	100	5	0
145	44664.1	1	1	1	61.631077	59.85	56.2	41.5	930.2	56	159.3387063	140.0257558	299.3644621	0	0	60	100	5	0
146	44664.1	1	1	1	61.602655	59.76	56.2	41.3	930.8	55.98	159.5373123	140.1896226	299.7269349	0	0	60	100	5	0
147	44664.1	1	1	1	61.547736	59.73	56.2	41.4	927.6	56	159.6965229	140.0255649	299.7220878	0	0	60	100	5	0
148	44664.1	1	1	1	61.507699	59.66	56.2	41.2	929.1	56.01	159.8654265	140.1684018	300.0338284	0	0	60	100	5	0
149	44664.1	1	1	1	61.459513	59.63	56.2	41.4	932.9	56	159.6133484	140.0715558	299.6849042	0	0	60	100	5	0
150	44664.1	1	1	1	61.416285	59.57	56.2	41.1	928.8	55.98	159.8056063	139.8011707	299.6067771	0	0	60	100	5	0
151	44664.1	1	1	1	61.384772	59.55	56.2	41	941.1	55.97	159.7682281	139.6721992	299.4404273	0	0	60	100	5	0
152	44664.11	1	1	1	61.351799	59.55	56.2	40.7	924.4	55.99	159.7737246	139.8263015	299.600026	0	0	60	100	5	0
153	44664.11	1	1	1	61.310661	59.5	56.3	41.2	928.4	56.1	159.7279399	139.9220209	299.6499607	0	0	60	100	5	0
154	44664.11	1	1	1	61.253572	59.46	56.3	41.4	927.7	56.12	159.5419244	139.8529663	299.3948908	0	0	60	100	5	0
155	44664.11	1	1	1	61.211954	59.46	56.4	41.4	931.9	56.11	159.8007102	139.683693	299.4844032	0	0	60	100	5	0
156	44664.11	1	1	1	61.181614	59.44	56.3	41.3	934.6	56.1	159.7336682	139.6857552	299.4194234	0	0	60	100	5	0
157	44664.11	1	1	1	61.159497	59.41	56.3	41.3	929	56.08	159.934272	139.7346029	299.6688749	0	0	60	100	5	0
158	44664.11	1	1	1	61.143373	59.39	56.3	41.1	930	56.07	159.8463614	139.7986365	299.6449979	0	0	60	100	5	0
159	44664.11	1	1	1	61.104519	59.41	56.3	41.1	923.3	56.07	159.6685274	139.7169887	299.3855161	0	0	60	100	5	0
160	44664.11	1	1	1	61.076194	59.39	56.3	41.2	929.2	56.07	159.8971499	140.2099651	300.107115	0	0	60	100	5	0
161	44664.11	1	1	1	61.055546	59.36	56.3	41.3	929.2	56.07	159.8052667	139.887028	299.6922947	0	0	60	100	5	0
162	44664.11	1	1	1	61.040493	59.33	56.3	41.3	920.5	56.06	159.7364705	139.9238498	299.6603203	0	0	60	100	5	0
163	44664.11	1	1	1	61.009519	59.32	56.3	41.8	925.9	56.08	159.7006679	140.0218592	299.722527	0	0	60	100	5	0
164	44664.11	1	1	1	60.97274	59.34	56.3	41.7	920.3	56.08	159.4574256	139.7351705	299.1925961	0	0	60	100	5	0
165	44664.11	1	1	1	60.961127	59.32	56.3	41.6	933.7	56.07	159.9140788	139.8933519	299.8074307	0	0	60	100	5	0
166	44664.12	1	1	1	60.944562	59.32	56.3	41.5	932.3	56.08	159.6579506	139.7894597	299.4474103	0	0	60	100	5	0
167	44664.12	1	1	1	60.932485	59.28	56.3	41.3	937.7	56.02	159.87854	139.9532604	299.8318005	0	0	60	100	5	0
168	44664.12	1	1	1	60.869482	59.27	56.2	41.3	934.2	56.01	159.6158023	139.8495625	299.4653648	0	0	60	100	5	0
169	44664.12	1	1	1	60.796452	59.23	56.2	41.4	927.6	56.02	159.6548552	140.0201913	299.6750466	0	0	60	100	5	0
170	44664.12	1	1	1	60.743214	59.25	56.2	41.4	926.6	56	159.4956864	140.3698923	299.8655787	0	0	60	100	5	0
171	44664.12	1	1	1	60.704403	59.25	56.2	41.3	932.6	55.96	159.6814161	140.1536558	299.8350719	0	0	60	100	5	0
172	44664.12	1	1	1	60.67611	59.22	56.2	41.1	930.5	55.93	159.7106579	140.1368922	299.8475501	0	0	60	100	5	0
173	44664.12	1	1	1	60.617484	59.23	56.1	40.9	930.5	55.91	159.68372	140.229446	299.913166	0	0	60	100	5	0
174	44664.12	1	1	1	60.558546	59.19	56.1	40.7	926.3	55.86	159.6852771	139.8612115	299.5464886	0	0	60	100	5	0
175	44664.12	1	1	1	60.51558	59.18	56.1	40.8	936.9	55.87	159.0322609	140.4192251	299.451486	0	0	60	100	5	0
176	44664.12	1	1	1	60.512258	59.19	56.1	41.1	925.1	55.9	155.5682553	144.2048043	299.7730597	0	0	60	100	5	0
177	44664.12	1	1	1	60.508936	59.17	56.1	41.4	918.8	55.9	155.3203031	144.4802423	299.8005455	0	0	60	100	5	0
178	44664.12	1	1	1	60.506514	59.15	56.1	41.2	915.5	55.83	155.6564598	144.8667585	300.5232183	0	0	60	100	5	0
179	44664.12	1	1	1	60.504749	59.13	56.1	41.4	921.3	55.88	155.4081596	144.8256119	300.2337715	0	0	60	100	5	0
180	44664.13	1	1	1	60.465462	59.12	56.1	41.4	928.8	55.87	155.2305678	145.1625375	300.3931053	0	0	60	100	5	0
181	44664.13	1	1	1	60.420622	59.12	56.1	41.3	926.9	55.85	155.385329	145.2708115	300.6561405	0	0	65	100	5	0
182	44664.13	1	1	1	60.387933	59.11	56.1	41.2	917.1	55.86	149.4963388	144.2525686	293.7489073	0	0	65	100	5	0
183	44664.13	1	1	0	60.337003	59.05	56.1	41	928.7	55.81	149.070599	143.9657159	293.0363149	0	0	65	100	5	0
184	44664.13	3	1	0	60.299875	59.08	56	41	924.1	55.79	804.5687873	787.7729757	1592.341763	0	0	65	100	5	0
185	44664.13	3	4	0	60.272809	59.07	56	41	931.6	56.02	898.0688405	877.2178233	1775.286664	1	1	65	100	5	97
186	44664.13	3	4	0	60.253078	59.04	62.4	41.1	862.4	66.09	903.3172556	882.2782766	1785.595532	1	1	65	100	5	99
187	44664.13	3	4	0	60.209694	59.15	68.9	41.2	873	70.14	910.8666403	887.9652105	1798.831851	1	1	65	100	5	100
188	44664.13	3	4	0	60.162867	59.72	72.9	41.1	884.3	72.19	920.7283935	896.2929713	1817.021365	1	1	65	100	5	100
189	44664.13	3	4	0	60.14583	60.3	75.1	41.3	883.5	73.94	929.742482	903.814213	1833.556695	1	1	65	100	5	100
190	44664.13	3	4	0	60.09631	60.87	76.9	41.4	895.3	75.35	934.8111308	907.6218618	1842.432993	1	1	65	100	5	100
191	44664.13	3	4	0	60.05311	61.45	78.1	41.4	897.6	76.67	940.2615784	912.2247935	1852.486372	1	1	65	100	5	100
192	44664.13	3	4	0	60.057717	62.03	79	41.2	903.5	77.72	944.5191416	915.0442637	1859.563405	1	1	65	100	5	100
193	44664.13	3	4	0	60.106276	62.72	79.8	41	919.5	78.63	947.061026	916.9251857	1863.986212	1	1	65	100	5	98
194	44664.13	3	4	0	60.195875	63.22	80.4	40.8	914.6	79.42	949.5792141	918.7571228	1868.336337	1	1	65	100	5	98
195	44664.14	3	4	0	60.307293	63.7	80.9	40.7	917.2	80.01	952.5422058	921.1347331	1873.676939	1	1	65	100	5	97
196	44664.14	3	4	0	60.442717	64.12	81.4	40.8	925.7	80.56	954.4251576	922.4043061	1876.829464	1	1	65	100	5	93
197	44664.14	3	4	0	60.61274	64.57	81.8	40.7	926.4	81.06	958.387476	925.2817189	1883.669195	1	1	65	100	5	93
198	44664.14	3	4	0	60.790888	64.95	82.2	40.8	931	81.47	961.9006353	928.4316086	1890.332244	1	1	65	100	5	89
199	44664.14	3	4	0	60.965957	65.33	82.6	40.9	929.6	81.89	963.8017502	929.9828532	1893.784603	1	1	65	100	5	89
200	44664.14	3	4	0	61.139683	65.65	82.9	40.9	930.2	82.29	968.9414444	935.0923096	1904.033754	1	1	65	100	5	86
201	44664.14	3	4	0	61.310529	65.89	83.2	40.7	927.7	82.56	974.1841436	939.3013932	1913.485537	1	1	65	100	5	84
202	44664.14	3	4	0	61.489275	66.13	83.6	41	939	82.97	979.0053172	943.2996501	1922.304967	1	1	65	100	5	84
203	44664.14	3	4	0	61.656682	66.45	83.9	40.9	931.3	83.27	983.1322246	946.5750214	1929.707246	1	1	65	100	5	81
204	44664.14	3	4	0	61.813921	66.75	84.2	41	925.1	83.6	985.1334636	948.8977106	1934.031174	1	1	65	100	5	81
205	44664.14	3	4	0	61.992748	66.97	84.5	41	937.5	83.8	987.0897965	951.693571	1938.783368	1	1	65	100	5	76
206	44664.14	3	4	0	62.195314	67.25	84.7	41.1	933.3	84.04	990.8352783	954.5473969	1945.382675	1	1	65	100	5	71
207	44664.14	3	4	0	62.386284	67.43	84.9	41	936	84.23	995.2174651	957.6034923	1952.820957	1	1	65	100	5	72
208	44664.14	3	4	0	62.554501	67.69	85.1	41.2	933.2	84.49	996.6821848	958.5669491	1955.249134	1	1	65	100	5	69
209	44664.15	3	4	0	62.721331	67.79	85.3	41.4	938	84.69	998.0472896	960.7359421	1958.783232	1	1	65	100	5	68
210	44664.15	3	4	0	62.87005	67.99	85.5	41.2	933.1	84.85	1001.869029	962.8217189	1964.690748	1	1	65	100	5	67
211	44664.15	3	4	0	63.032667	68.22	85.7	41.2	933.3	85.03	1003.670339	964.6504898	1968.320829	1	1	65	100	5	64
212	44664.15	3	4	0	63.178314	68.4	85.9	41.4	936.4	85.23	1004.788629	965.9554057	1970.744035	1	1	65	100	5	63
213	44664.15	3	4	0	63.330591	68.53	86.1	41.2	940.1	85.37	1006.711074	967.5511155	1974.262189	1	1	65	100	5	59
214	44664.15	3	4	0	63.484901	68.67	86.2	41.2	928.3	85.53	1010.87931	970.9551432	1981.834453	1	1	65	100	5	56
215	44664.15	3	4	0	63.614493	68.87	86.3	41.1	938.7	85.66	1014.39998	973.8094304	1988.209411	1	1	65	100	5	56
216	44664.15	3	4	0	63.718965	69.05	86.4	41	932.6	85.77	1017.526168	976.1130829	1993.639251	1	1	65	100	5	57
217	44664.15	3	4	0	63.822226	69.11	86.6	41.2	947.9	85.95	1019.946211	977.920782	1997.866993	1	1	65	100	5	55
218	44664.15	3	4	0	63.962602	69.23	86.7	41.5	933.9	86.15	741.067687	703.1794067	1444.247094	1	1	65	100	5	50
219	44664.15	3	4	0	64.091137	69.38	86.9	41.8	931.8	86.09	716.2130046	680.7802689	1396.993273	0	1	65	100	5	48
220	44664.15	3	4	0	64.220939	69.49	85.8	41.9	954.6	83.8	713.0460429	678.1257965	1391.171839	0	1	65	100	5	46
221	44664.15	3	4	0	64.343665	69.5	84	42.1	947.9	82.79	711.9827611	677.2144527	1389.197214	0	1	65	100	5	42
222	44664.15	3	4	0	64.467331	69.4	82.9	42.1	966	82.38	710.9648595	675.9841623	1386.949022	0	1	65	100	5	41
223	44664.15	3	4	0	64.584585	69.38	82.3	42.2	952	82	709.4120163	675.0238719	1384.435888	0	1	65	100	5	41
224	44664.16	3	4	0	64.697162	69.23	82	42.3	955.7	81.67	709.4957346	674.9564864	1384.452221	0	1	65	100	5	39
225	44664.16	3	4	0	64.798231	69.14	81.7	42.3	956.3	81.44	708.2510243	673.8575302	1382.108555	0	1	65	100	5	37
226	44664.16	3	4	0	64.899011	69.14	81.5	42.1	945.2	81.22	707.53352	673.4597981	1380.993318	0	1	65	100	5	34
227	44664.16	3	4	0	65.018579	69.09	81.4	41.8	947.4	81	707.4619822	673.561324	1381.023306	0	1	65	100	5	30
228	44664.16	3	4	0	65.149044	69.07	81.3	41.6	942.6	80.85	706.8990825	673.2004196	1380.099502	0	1	65	100	5	28
229	44664.16	3	4	0	65.263153	69.04	81.2	41.4	947.3	80.78	707.1656896	673.3580064	1380.523696	0	1	65	100	5	26
230	44664.16	3	4	0	65.364439	68.94	81.1	41.4	934.2	80.63	707.1953232	672.9010351	1380.096358	0	1	65	100	5	23
231	44664.16	3	4	0	65.512376	68.93	81	41.4	938.7	80.54	707.8480143	673.1277491	1380.975763	0	1	65	100	5	17
232	44664.16	3	4	0	65.644522	68.86	81	41.4	940.5	80.46	686.1864706	652.482013	1338.668484	0	1	65	100	5	16
233	44664.16	3	4	0	65.759856	68.86	80.9	41.5	936.9	80.43	145.0705796	139.2968625	284.367442	0	1	65	100	5	14
234	44664.16	3	4	0	65.842035	68.86	80.9	41.7	939.4	78.65	146.3629463	140.8514735	287.2144197	0	0	65	100	5	13
235	44664.16	3	4	0	65.911944	68.8	76.9	41.8	983.1	72.79	146.2684705	141.3015413	287.5700118	0	0	65	100	5	13
236	44664.16	3	4	0	65.990007	68.53	71.5	41.9	985.7	70.16	147.2984558	141.7480461	289.0465019	0	0	65	100	5	10
237	44664.16	3	4	0	66.084915	67.98	68.5	42	968.1	68.23	146.6761126	141.7271569	288.4032695	0	0	65	100	5	5
238	44664.17	3	4	0	66.170303	67.36	66.3	42.1	971.1	66.62	147.5842331	142.0380785	289.6223117	0	0	65	100	5	5
239	44664.17	3	4	0	66.232551	66.89	65	42.2	949.5	65.39	147.0313389	141.9376701	288.969009	0	0	65	100	5	4
240	44664.17	3	4	0	66.25793	66.45	63.9	42.2	950.9	64.54	147.4705498	142.1839745	289.6545243	0	0	65	100	5	7
241	44664.17	3	4	0	66.242231	65.91	63.2	42.2	941.6	63.54	418.0034535	402.7314179	820.7348714	0	0	70	100	5	7
242	44664.17	3	4	0	66.210786	65.46	62.6	42.1	938.8	62.97	939.9707092	903.9750107	1843.94572	0	0	70	100	5	10
243	44664.17	3	4	0	66.116563	65.04	63.2	42.1	911.8	66.51	982.9035869	936.3565369	1919.260124	1	1	70	100	5	100
244	44664.17	3	4	0	65.946675	64.8	70	41.9	884.5	74.54	994.5588486	944.7527033	1939.311552	1	1	70	100	5	100
245	44664.17	3	4	0	65.725326	65	76.1	41.7	889.1	77.01	999.870076	949.798818	1949.668894	1	1	70	100	5	100
246	44664.17	3	4	0	65.491662	65.46	79.4	41.7	894.3	78.61	1005.100366	953.6123865	1958.712752	1	1	70	100	5	100
247	44664.17	3	4	0	65.277122	66.01	81.4	41.4	897.3	79.99	1010.303272	957.5178054	1967.821077	1	1	70	100	5	100
248	44664.17	3	4	0	65.110722	66.51	82.7	41.4	901.2	81.18	1014.784345	961.2445353	1976.028881	1	1	70	100	5	100
249	44664.17	3	4	0	64.982316	67.02	83.6	41.4	911.6	82.05	1020.939826	967.0208201	1987.960646	1	1	70	100	5	100
250	44664.17	3	4	0	64.905809	67.4	84.4	41.4	909.4	82.91	1023.285257	968.5588684	1991.844126	1	1	70	100	5	100
251	44664.17	3	4	0	64.877134	67.8	84.9	41.4	924.7	83.64	1027.976314	972.7278559	2000.70417	1	1	70	100	5	100
252	44664.18	3	4	0	64.875231	68.22	85.4	41.5	919.2	84.26	1029.137945	973.3443507	2002.482296	1	1	70	100	5	100
253	44664.18	3	4	0	64.909943	68.54	85.9	41.5	923.4	84.76	1031.47286	975.3083541	2006.781214	1	1	70	100	5	100
254	44664.18	3	4	0	64.988549	68.81	86.2	41.7	931.6	85.17	1032.019241	977.2264781	2009.245719	1	1	70	100	5	100
255	44664.18	3	4	0	65.064852	69.12	86.5	41.8	923.7	85.59	1034.208155	979.5876125	2013.795768	1	1	70	100	5	100
256	44664.18	3	4	0	65.147577	69.34	86.8	41.7	930.9	85.87	1034.385822	980.1406972	2014.526519	1	1	70	100	5	100
257	44664.18	3	4	0	65.234984	69.61	87	41.7	930.9	86.24	1037.021602	982.0210444	2019.042647	1	1	70	100	5	100
258	44664.18	3	4	0	65.306803	69.85	87.3	41.7	936.9	86.45	1039.217512	983.6210882	2022.8386	1	1	70	100	5	100
259	44664.18	3	4	0	65.397159	69.96	87.5	41.8	935.6	86.67	1039.731389	984.141272	2023.872661	1	1	70	100	5	100
260	44664.18	3	4	0	65.479229	70.2	87.6	41.9	928.2	86.91	1042.696983	985.6095668	2028.30655	1	1	70	100	5	100
261	44664.18	3	4	0	65.577058	70.39	87.9	41.9	930.4	87.15	1042.602413	986.152328	2028.754741	1	1	70	100	5	100
262	44664.18	3	4	0	65.674575	70.48	88	41.9	937.4	87.28	1043.346187	986.8373144	2030.183502	1	1	70	100	5	100
263	44664.18	3	4	0	65.762765	70.67	88.1	41.9	945.4	87.42	1043.813882	986.97745	2030.791332	1	1	70	100	5	100
264	44664.18	3	4	0	65.854156	70.8	88.3	41.8	938	87.54	1045.835748	988.381306	2034.217054	1	1	70	100	5	100
265	44664.18	3	4	0	65.93978	70.93	88.4	41.9	935.9	87.7	1045.110154	987.8100744	2032.920229	1	1	70	100	5	100
266	44664.18	3	4	0	66.020299	71.08	88.5	41.9	931.2	87.82	1047.874101	988.9474381	2036.821539	1	1	70	100	5	100
267	44664.19	3	4	0	66.096098	71.17	88.6	41.8	932.7	87.9	1047.004556	988.4659276	2035.470484	1	1	70	100	5	100
268	44664.19	3	4	0	66.151356	71.34	88.7	41.7	936.6	88.01	1048.398857	990.0289596	2038.427816	1	1	70	100	5	100
269	44664.19	3	4	0	66.236864	71.39	88.8	41.7	948.3	88.06	1050.250811	991.7068898	2041.957701	1	1	70	100	5	100
270	44664.19	3	4	0	66.28686	71.53	88.9	41.7	937.5	88.19	1050.996466	992.0601847	2043.056651	1	1	70	100	5	100
271	44664.19	3	4	0	66.344621	71.64	89	41.8	937.4	88.3	1051.978988	992.555135	2044.534123	1	1	70	100	5	100
272	44664.19	3	4	0	66.405729	71.71	89.1	41.8	934.4	88.37	1054.746855	994.8409231	2049.587778	1	1	70	100	5	100
273	44664.19	3	4	0	66.458376	71.8	89.2	41.8	952.5	88.49	1050.73965	992.174261	2042.913911	1	1	70	100	5	99
274	44664.19	3	4	0	66.523856	71.85	89.2	41.8	944.5	88.57	1047.196214	989.6472163	2036.84343	1	1	70	100	5	100
275	44664.19	3	4	0	66.571591	71.94	89.3	41.8	933	88.62	1049.312609	990.9233541	2040.235963	1	1	70	100	5	100
276	44664.19	3	4	0	66.61639	72.03	89.3	41.8	942.9	88.66	1050.694684	991.9850026	2042.679686	1	1	70	100	5	99
277	44664.19	3	4	0	66.666148	72.11	89.4	41.7	938.4	88.73	1050.288785	991.6044713	2041.893256	1	1	70	100	5	97
278	44664.19	3	4	0	66.756622	72.19	89.4	41.8	935.2	88.77	1049.460612	990.8858358	2040.346448	1	1	70	100	5	98
279	44664.19	3	4	0	66.841578	72.23	89.5	41.7	931.7	88.8	1051.671997	991.9424876	2043.614485	1	1	70	100	5	98
280	44664.19	3	4	0	66.91161	72.26	89.5	41.6	937.1	88.87	1053.792508	993.6214213	2047.413929	1	1	70	100	5	99
281	44664.2	3	4	0	66.954564	72.4	89.5	41.7	932.7	88.91	1055.200238	995.0400223	2050.24026	1	1	70	100	5	100
282	44664.2	3	4	0	66.993977	72.44	89.6	42	930.9	89.02	1053.667006	994.4084346	2048.075441	1	1	70	100	5	99
283	44664.2	3	4	0	67.049809	72.52	89.7	42.2	936.1	89.11	1054.443807	994.3416688	2048.785476	1	1	70	100	5	100
284	44664.2	3	4	0	67.090511	72.54	89.8	42.2	940	89.14	1052.912891	992.9503113	2045.863202	1	1	70	100	5	100
285	44664.2	3	4	0	67.130182	72.66	89.9	42.2	934.1	89.25	1054.903744	993.8583481	2048.762093	1	1	70	100	5	99
286	44664.2	3	4	0	67.176203	72.73	89.9	42	937.7	89.3	1053.567388	993.2937806	2046.861168	1	1	70	100	5	100
287	44664.2	3	4	0	67.247752	72.76	90	42	931.6	89.36	1055.583464	994.6646719	2050.248136	1	1	70	100	5	98
288	44664.2	3	4	0	67.316111	72.82	90	42	933.5	89.38	1055.735773	995.3744695	2051.110242	1	1	70	100	5	99
289	44664.2	3	4	0	67.384945	72.87	90.1	42.1	938.4	89.46	1055.768741	995.4390396	2051.20778	1	1	70	100	5	98
290	44664.2	3	4	0	67.443225	73.03	90.2	42.2	931.2	89.53	1056.70483	996.4310898	2053.13592	1	1	70	100	5	99
291	44664.2	3	4	0	67.504711	72.99	90.3	42.2	938.2	89.6	1055.466721	995.3853653	2050.852086	1	1	70	100	5	99
292	44664.2	3	4	0	67.557634	73.02	90.3	42.1	934.9	89.63	1056.935466	996.3656687	2053.301135	1	1	70	100	5	98
293	44664.2	3	4	0	67.623315	73.14	90.3	42.1	938.9	89.67	1057.092502	996.7552394	2053.847741	1	1	70	100	5	99
294	44664.2	3	4	0	67.671197	73.2	90.3	42.1	939.7	89.73	1056.685483	996.1316101	2052.817093	1	1	70	100	5	100
295	44664.2	3	4	0	67.733203	73.19	90.4	42	939.5	89.76	1057.808053	997.1051464	2054.913199	1	1	70	100	5	99
296	44664.21	3	4	0	67.778405	73.29	90.4	41.9	931.3	89.8	1058.808098	998.4585825	2057.266681	1	1	70	100	5	100
297	44664.21	3	4	0	67.821357	73.34	90.5	41.9	946.9	89.82	1059.450854	999.1162135	2058.567067	1	1	70	100	5	99
298	44664.21	3	4	0	67.869769	73.39	90.5	42	937.1	89.88	1059.054267	998.1013244	2057.155592	1	1	70	100	5	100
299	44664.21	3	4	0	67.943062	73.41	90.6	41.9	944.8	89.96	1059.086496	998.2544591	2057.340955	1	1	70	100	5	97
300	44664.21	3	4	0	68.012692	73.49	90.6	41.9	937.5	89.93	1058.1825	996.8426702	2055.02517	1	1	70	100	5	98
301	44664.21	3	4	0	68.082452	73.49	90.6	41.8	956.9	90.02	1058.765359	996.9574819	2055.722841	1	1	70	100	5	97
302	44664.21	3	4	0	68.141408	73.53	90.7	41.8	948.5	90.06	1060.321998	998.0377132	2058.359711	1	1	70	100	5	96
303	44664.21	3	4	0	68.201486	73.64	90.8	41.9	938.3	90.09	1058.930211	997.244281	2056.174492	1	1	70	100	5	99
304	44664.21	3	4	0	68.228184	73.68	90.8	42.2	942.6	90.18	1058.549647	996.2249914	2054.774638	1	1	70	100	5	99
305	44664.21	3	4	0	68.301846	73.76	90.8	42.2	937	90.2	1058.747466	997.7861644	2056.533631	1	1	70	100	5	96
306	44664.21	3	4	0	68.355546	73.77	90.9	42	950.3	90.22	1058.193851	997.0734533	2055.267304	1	1	70	100	5	97
307	44664.21	3	4	0	68.413693	73.79	90.9	41.8	936.2	90.24	1057.660784	996.7961725	2054.456956	1	1	70	100	5	96
308	44664.21	3	4	0	68.464182	73.82	90.9	41.6	933.5	90.22	1061.690258	999.3417719	2061.03203	1	1	70	100	5	96
309	44664.21	3	4	0	68.519989	73.85	90.9	41.5	947.3	90.25	1064.85966	1002.453794	2067.313454	1	1	70	100	5	95
310	44664.22	3	4	0	68.568772	73.91	90.9	41.5	946.9	90.23	1065.861776	1003.958604	2069.82038	1	1	70	100	5	96
311	44664.22	3	4	0	68.594335	73.94	90.9	41.7	940	90.28	1064.599877	1003.066202	2067.666079	1	1	70	100	5	96
312	44664.22	3	4	0	68.62297	74.02	90.9	41.8	932	90.3	1066.333299	1003.233889	2069.567188	1	1	70	100	5	97
313	44664.22	3	4	0	68.643845	74.05	91	42	930.2	90.39	1068.816383	1005.658509	2074.474892	1	1	70	100	5	98
314	44664.22	3	4	0	68.659063	74	91	42.1	937.2	90.38	1066.036651	1004.129192	2070.165842	1	1	70	100	5	99
315	44664.22	3	4	0	68.697257	74.17	91	41.9	940.8	90.38	1063.408872	1001.297129	2064.706002	1	1	70	100	5	97
316	44664.22	3	4	0	68.7251	74.07	91.1	41.8	935.2	90.39	1062.057597	999.7334122	2061.791009	1	1	70	100	5	98
317	44664.22	3	4	0	68.783398	74.13	91.1	41.7	940.3	90.4	1060.829773	999.5957438	2060.425517	1	1	70	100	5	94
318	44664.22	3	4	0	68.842097	74.17	91.1	41.6	941.1	90.43	1061.945761	1000.592124	2062.537886	1	1	70	100	5	95
319	44664.22	3	4	0	68.903889	74.16	91.1	41.6	932.7	90.41	1062.635418	1001.140214	2063.775631	1	1	70	100	5	93
320	44664.22	3	4	0	68.957035	74.27	91.1	41.6	941.4	90.44	1061.488201	1000.421366	2061.909567	1	1	70	100	5	94
321	44664.22	3	4	0	69.014779	74.25	91.1	41.8	928.3	90.48	1061.616129	1000.907835	2062.523964	1	1	70	100	5	92
322	44664.22	3	4	0	69.064974	74.28	91.1	41.8	939.3	90.49	1060.725542	1000.184797	2060.910339	1	1	70	100	5	93
323	44664.22	3	4	0	69.101566	74.32	91.1	41.8	944.7	90.53	1062.712355	1001.416522	2064.128877	1	1	70	100	5	91
324	44664.23	3	4	0	69.155341	74.38	91.2	41.8	937.7	90.59	1060.953318	1001.571447	2062.524765	1	1	70	100	5	91
325	44664.23	3	4	0	69.194544	74.35	91.2	41.8	937.4	90.55	1063.175021	1003.458039	2066.63306	1	1	70	100	5	92
326	44664.23	3	4	0	69.242122	74.43	91.2	41.7	929.5	90.57	1061.312946	999.9220856	2061.235031	1	1	70	100	5	90
327	44664.23	3	4	0	69.284907	74.45	91.2	42	937.6	90.61	1061.352882	1000.55656	2061.909442	1	1	70	100	5	90
328	44664.23	3	4	0	69.316097	74.47	91.3	41.9	945.2	90.61	1061.515425	999.9005926	2061.416017	1	1	70	100	5	89
329	44664.23	3	4	0	69.365935	74.56	91.3	41.8	941.4	90.63	1061.705111	1001.244122	2062.949232	1	1	70	100	5	89
330	44664.23	3	4	0	69.402267	74.54	91.2	41.6	939.7	90.63	1063.102557	1001.374051	2064.476609	1	1	70	100	5	89
331	44664.23	3	4	0	69.428752	74.62	91.3	41.4	935.1	90.65	1062.837888	1000.368988	2063.206875	1	1	70	100	5	90
332	44664.23	3	4	0	69.44806	74.61	91.3	41.4	944.3	90.66	1062.79311	1000.295825	2063.088935	1	1	70	100	5	90
333	44664.23	3	4	0	69.462136	74.65	91.3	41.4	928.7	90.62	1061.431233	1000.104874	2061.536107	1	1	70	100	5	86
334	44664.23	3	4	0	69.526597	74.63	91.3	41.4	942.5	90.61	1062.689892	1000.078676	2062.768567	1	1	70	100	5	86
335	44664.23	3	4	0	69.563589	74.67	91.3	41.5	932.6	90.68	1065.583238	1003.241997	2068.825234	1	1	70	100	5	88
336	44664.23	3	4	0	69.583457	74.61	91.3	41.8	939.3	90.72	1064.209989	1001.928111	2066.138101	1	1	70	100	5	87
337	44664.23	3	4	0	69.61504	74.72	91.4	41.9	945.6	90.77	1064.945687	1002.557872	2067.503558	1	1	70	100	5	87
338	44664.23	3	4	0	69.638064	74.75	91.4	41.9	936.3	90.82	1063.692963	1002.034236	2065.727198	1	1	70	100	5	87
339	44664.24	3	4	0	69.673849	74.76	91.4	41.8	944.1	90.81	1063.80546	1002.042382	2065.847842	1	1	70	100	5	85
340	44664.24	3	4	0	69.708036	74.73	91.4	41.7	934.6	90.82	1063.936056	1001.901307	2065.837363	1	1	70	100	5	85
341	44664.24	3	4	0	69.732958	74.88	91.4	41.4	934.5	90.83	1063.677299	1002.076355	2065.753654	1	1	70	100	5	85
342	44664.24	3	4	0	69.751126	74.89	91.5	41.5	938.8	90.89	1065.713946	1003.405702	2069.119647	1	1	70	100	5	85
343	44664.24	3	4	0	69.794371	74.94	91.5	41.4	944.2	90.88	1065.278393	1002.670021	2067.948413	1	1	70	100	5	81
344	44664.24	3	4	0	69.887197	74.87	91.5	41.5	945.2	90.93	1065.870602	1002.631277	2068.501879	1	1	70	100	5	77
345	44664.24	3	4	0	69.971966	74.93	91.6	41.6	939.5	90.93	1067.285122	1003.800519	2071.085641	1	1	70	100	5	77
346	44664.24	3	4	0	70.033763	74.97	91.6	41.8	936.4	90.99	1066.616977	1003.012842	2069.629819	1	1	70	100	5	77
347	44664.24	3	4	0	70.105914	75	91.6	41.7	947.2	91.01	1066.945047	1004.413772	2071.358819	1	1	70	100	5	75
348	44664.24	3	4	0	70.158511	75.04	91.6	41.7	933.1	91.05	1066.368272	1004.332005	2070.700277	1	1	70	100	5	75
349	44664.24	3	4	0	70.196854	75.03	91.6	41.7	933.2	91.05	1066.725411	1004.616977	2071.342388	1	1	70	100	5	75
350	44664.24	3	4	0	70.234807	75.1	91.7	41.6	939.3	91.07	1065.896261	1003.433714	2069.329974	1	1	70	100	5	70
351	44664.24	3	4	0	70.306674	75.12	91.7	41.6	932.6	91.07	1065.672831	1003.828009	2069.50084	1	1	70	100	5	70
352	44664.24	3	4	0	70.359066	75.11	91.7	41.5	936.9	91.07	1067.555218	1005.570965	2073.126183	1	1	70	100	5	70
353	44664.25	3	4	0	70.397259	75.14	91.7	41.4	938.5	91.03	1066.725393	1004.308519	2071.033912	1	1	70	100	5	70
354	44664.25	3	4	0	70.425102	75.26	91.7	41.4	934.9	91.13	1066.765845	1005.118961	2071.884805	1	1	70	100	5	69
355	44664.25	3	4	0	70.435399	75.15	91.7	41.2	938.5	91.08	1067.460641	1005.182436	2072.643078	1	1	70	100	5	71
356	44664.25	3	4	0	70.425806	75.2	91.7	41.4	937.4	91.11	1067.070225	1005.794302	2072.864527	1	1	70	100	5	71
357	44664.25	3	4	0	70.445913	75.25	91.7	41.4	932.7	91.12	1069.945436	1006.822436	2076.767872	1	1	70	100	5	69
358	44664.25	3	4	0	70.46057	75.27	91.7	41.4	942.6	91.15	1075.206917	1010.05761	2085.264527	1	1	70	100	5	68
359	44664.25	3	4	0	70.471256	75.28	91.8	41.4	948	91.2	1072.689415	1009.215597	2081.905012	1	1	70	100	5	68
360	44664.25	3	4	0	70.505245	75.33	91.8	41.3	933.4	91.17	1072.453675	1008.659563	2081.113239	1	1	70	100	5	66
361	44664.25	3	4	0	70.530924	75.36	91.8	41.2	937.8	91.19	1068.880758	1010.088088	2078.968846	1	1	70	100	5	66
362	44664.25	3	4	0	70.549644	75.39	91.8	41.4	946.2	91.21	1068.325775	1009.275154	2077.600929	1	1	70	100	5	65
363	44664.25	3	4	0	70.56329	75.41	91.8	41.1	931.9	91.16	1069.582499	1010.294895	2079.877394	1	1	70	100	5	65
364	44664.25	3	4	0	70.592239	75.49	91.9	41.2	932.8	91.23	1069.549528	1010.268734	2079.818262	1	1	70	100	5	63
365	44664.25	3	4	0	70.621442	75.45	91.9	41.3	940.4	91.28	1068.203893	1010.533235	2078.737128	1	1	70	100	5	62
366	44664.25	3	4	0	70.642731	75.44	91.9	41.6	943.8	91.31	1066.948613	1009.159415	2076.108028	1	1	70	100	5	62
367	44664.25	3	4	0	70.677251	75.51	91.9	41.8	940.4	91.31	1070.967169	1012.1933	2083.160469	1	1	70	100	5	60
368	44664.26	3	4	0	70.710516	75.53	91.9	41.5	934.7	91.33	1070.541692	1012.379584	2082.921276	1	1	70	100	5	59
369	44664.26	3	4	0	70.734766	75.59	91.9	41.5	933.6	91.32	1071.141381	1013.355441	2084.496821	1	1	70	100	5	59
370	44664.26	3	4	0	70.762445	75.6	92	41.8	933.5	91.37	1070.343381	1012.559305	2082.902686	1	1	70	100	5	56
371	44664.26	3	4	0	70.799722	75.66	92	41.8	935.5	91.4	863.498704	814.4574702	1677.956174	1	1	70	100	5	56
372	44664.26	3	4	0	70.826897	75.72	92	41.7	946.2	91.41	756.4584584	714.3493149	1470.807773	1	1	70	100	5	55
373	44664.26	3	4	0	70.856708	75.72	91.3	41.5	960.7	89.52	750.7949676	709.7579687	1460.552936	0	1	70	100	5	53
374	44664.26	3	4	0	70.89554	75.59	89.5	41.7	951.3	87.88	749.3596059	708.6040258	1457.963632	0	1	70	100	5	52
375	44664.26	3	4	0	70.943849	75.48	88.1	41.8	953.8	87.36	747.7706416	707.2883728	1455.059014	0	1	70	100	5	48
376	44664.26	3	4	0	71.013266	75.3	87.3	42	955.7	86.85	745.4416337	705.2538646	1450.695498	0	1	70	100	5	47
377	44664.26	3	4	0	71.063871	75.1	86.8	42.1	948.2	86.42	743.6464859	702.8809184	1446.527404	0	1	70	100	5	46
378	44664.26	3	4	0	71.100762	74.95	86.4	41.9	946.2	86.07	741.6104766	702.1732406	1443.783717	0	1	70	100	5	46
379	44664.26	3	4	0	71.127655	74.82	86.2	41.9	952	85.75	740.8144038	700.8796768	1441.694081	0	1	70	100	5	45
380	44664.26	3	4	0	71.201461	74.7	86	41.5	950.3	85.51	1028.966521	976.1991593	2005.16568	0	1	70	100	5	40
381	44664.26	3	4	0	71.255265	74.56	85.9	42	955.1	85.36	1057.046481	999.7777537	2056.824235	1	1	70	100	5	40
382	44664.27	3	4	0	71.294488	74.5	87	42.2	919.3	87.82	803.52146	758.6874943	1562.208954	1	1	70	100	5	39
383	44664.27	3	4	0	71.333082	74.56	88.8	42.1	920.4	88.86	747.2391887	706.2466797	1453.485868	0	1	70	100	5	36
384	44664.27	3	4	0	71.378317	74.66	88.9	42.2	948.1	86.92	744.3957204	703.5906286	1447.986349	0	1	70	100	5	33
385	44664.27	3	4	0	71.457393	74.67	87.8	42.2	941.4	86.22	742.8588048	702.0644806	1444.923285	0	1	70	100	5	31
386	44664.27	3	4	0	71.523139	74.59	86.9	42.3	948.3	85.89	741.3914454	701.4040121	1442.795457	0	1	70	100	5	30
387	44664.27	3	4	0	71.571069	74.62	86.4	42.4	943.4	85.67	170.2386085	161.5236647	331.7622732	0	1	70	100	5	29
388	44664.27	3	4	0	71.634009	74.43	86.2	42.5	948.5	85.51	146.1743578	137.8779931	284.0523509	0	0	70	100	5	24
389	44664.27	3	4	0	71.706093	74.32	82.4	42.4	981.1	78.13	146.75682	138.2737529	285.0305729	0	0	70	100	5	23
390	44664.27	3	4	0	71.758641	73.95	76.7	42.6	987.1	75.24	146.8893733	138.7295858	285.6189591	0	0	70	100	5	22
391	44664.27	3	4	0	71.79695	73.44	73.5	42.6	989.7	73.11	147.3802102	137.7821851	285.1623953	0	0	70	100	5	21
392	44664.27	3	4	0	71.824876	72.8	71.3	42.6	953.9	71.58	475.56198	450.1158863	925.6778662	0	0	70	100	5	20
393	44664.27	3	4	0	71.872335	72.22	69.6	42.7	967.6	70.33	697.1415095	661.3551778	1358.496687	0	0	70	100	5	17
394	44664.27	3	4	0	71.867932	71.66	70.5	42.7	928	74.89	717.2705465	678.0714992	1395.342046	0	1	70	100	5	24
395	44664.27	3	4	0	71.738222	71.28	75.4	43	908.6	77.72	721.7030527	680.3120905	1402.015143	0	1	70	100	5	31
396	44664.28	3	4	0	71.592364	71.18	78.7	43	915	79.2	724.6097575	682.991393	1407.601151	0	1	70	100	5	31
397	44664.28	3	4	0	71.467033	71.32	80.7	43.1	920.6	80.1	724.8723282	683.658935	1408.531263	0	1	70	100	5	32
398	44664.28	3	4	0	71.313367	71.51	81.7	43.1	917.4	80.85	726.6535482	686.1978323	1412.851381	0	1	70	100	5	35
399	44664.28	3	4	0	71.174245	71.61	82.5	43.1	915.3	81.35	727.6439469	687.9332657	1415.577213	0	1	70	100	5	37
400	44664.28	3	4	0	71.072824	71.75	82.9	43.1	931.8	81.76	729.8710521	689.6623627	1419.533415	0	1	70	100	5	37
401	44664.28	3	4	0	70.979889	71.92	83.2	43.1	924.7	82.14	730.8487966	689.0590438	1419.90784	0	1	70	100	5	38
402	44664.28	3	4	0	70.904039	72.06	83.5	43.1	935.7	82.48	730.9744247	689.5707535	1420.545178	0	1	70	100	5	38
403	44664.28	3	4	0	70.858745	72.2	83.7	43	934.9	82.73	732.2845821	690.1683192	1422.452901	0	1	70	100	5	36
404	44664.28	3	4	0	70.842825	72.33	83.9	42.9	939.1	82.98	733.1715062	691.9900701	1425.161576	0	1	70	100	5	35
405	44664.28	3	4	0	70.831219	72.42	84	43	931.6	83.18	733.7932011	692.9996674	1426.792869	0	1	70	100	5	35
406	44664.28	3	4	0	70.822759	72.56	84.2	43	930	83.31	733.5515305	692.6637319	1426.215262	0	1	70	100	5	34
407	44664.28	3	4	0	70.843691	72.62	84.3	43.1	928.4	83.48	734.3272318	693.6270126	1427.954244	0	1	70	100	5	32
408	44664.28	3	4	0	70.886051	72.69	84.4	43.2	928.4	83.63	735.1591974	693.4254303	1428.584628	0	1	70	100	5	29
409	44664.28	3	4	0	70.916931	72.78	84.5	43.3	939.7	83.78	735.2748505	693.4390356	1428.713886	0	1	70	100	5	29
410	44664.28	3	4	0	70.958443	72.85	84.6	43.1	939.4	83.83	734.8484304	692.7958924	1427.644323	0	1	70	100	5	26
411	44664.29	3	4	0	70.996805	72.91	84.6	42.9	941.6	83.93	734.1929784	693.5673986	1427.760377	0	1	70	100	5	26
412	44664.29	3	4	0	71.024771	73.02	84.7	42.7	939.1	83.95	735.0926306	694.2629898	1429.35562	0	1	70	100	5	25
413	44664.29	3	4	0	71.064158	73.04	84.7	42.6	936.1	83.99	735.6777497	694.7273503	1430.4051	0	1	70	100	5	23
414	44664.29	3	4	0	71.100971	73.12	84.8	42.7	940	84.06	735.5609024	695.6626404	1431.223543	0	1	70	100	5	22
415	44664.29	3	4	0	71.127808	73.15	84.8	42.8	945.9	84.07	476.7663257	449.9808	926.7471257	0	1	70	100	5	21
416	44664.29	3	4	0	71.147372	73.14	84.8	42.9	940.1	84.14	145.9880281	136.6048954	282.5929235	0	1	70	100	5	21
417	44664.29	3	4	0	71.199634	73.21	84.3	43.1	960.1	80.45	147.5109019	137.7998199	285.3107219	0	0	70	100	5	16
418	44664.29	3	4	0	71.253933	73.04	78.3	43.1	984.5	74.76	147.9062919	137.4489154	285.3552073	0	0	70	100	5	15
419	44664.29	3	4	0	71.293517	72.73	74.1	43.3	982.3	72.8	148.8363699	138.1963903	287.0327601	0	0	70	100	5	14
420	44664.29	3	4	0	71.322374	72.25	71.3	43.1	970.9	71.29	148.2719469	138.5768572	286.8488041	0	0	70	100	5	10
421	44664.29	3	4	0	71.378611	71.79	69.7	43.1	982	70.09	148.0281851	138.4804642	286.5086492	0	0	70	100	5	11
422	44664.29	3	4	0	71.411507	71.25	68.5	43.2	963.9	68.92	148.9823898	138.8378123	287.8202021	0	0	70	100	5	10
423	44664.29	3	4	0	71.397489	70.81	67.6	43.2	957.3	67.95	581.4280515	554.6859609	1136.114012	0	0	70	100	5	13
424	44664.29	3	4	0	71.333069	70.35	66.9	43.2	944.7	67.19	691.1740616	657.447728	1348.62179	0	0	70	100	5	17
425	44664.3	3	4	0	71.232808	69.96	69.2	43.4	905.4	73.32	704.7830078	667.987319	1372.770327	0	1	70	100	5	20
426	44664.3	3	4	0	71.084617	69.75	74.5	43.4	906.3	76.64	709.6975184	672.5787903	1382.276309	0	1	70	100	5	26
427	44664.3	3	4	0	70.916186	69.83	78.1	43.2	897.2	77.86	712.1243902	675.1997426	1387.324133	0	1	70	100	5	30
428	44664.3	3	4	0	70.757299	70.06	79.7	43.3	903.5	78.86	716.5627635	678.5184748	1395.081238	0	1	70	100	5	32
429	44664.3	3	4	0	70.633371	70.38	80.8	43.4	915.6	79.74	719.8678375	682.166247	1402.034085	0	1	70	100	5	31
430	44664.3	3	4	0	70.524028	70.66	81.6	43.4	919.8	80.46	720.8853266	683.3521133	1404.23744	0	1	70	100	5	33
431	44664.3	3	4	0	70.436216	70.93	82.2	43.5	928.7	81.1	723.8682302	686.3954523	1410.263682	0	1	70	100	5	33
432	44664.3	3	4	0	70.372202	71.16	82.6	43.7	929.6	81.58	725.6024694	685.8702063	1411.472676	0	1	70	100	5	33
433	44664.3	3	4	0	70.335535	71.39	83.1	43.9	927.9	82.02	727.1417801	685.5519466	1412.693727	0	1	70	100	5	31
434	44664.3	3	4	0	70.325905	71.6	83.4	44	935.8	82.41	728.5764394	685.897727	1414.474166	0	1	70	100	5	31
435	44664.3	3	4	0	70.318885	71.84	83.7	44	931	82.7	729.474879	688.9887625	1418.463642	0	1	70	100	5	31
436	44664.3	3	4	0	70.332767	72.05	83.9	44.1	931.4	83.02	730.5545583	689.9645854	1420.519144	0	1	70	100	5	28
437	44664.3	3	4	0	70.369987	72.24	84.1	44.2	935.6	83.25	731.0716822	691.0251474	1422.09683	0	1	70	100	5	26
438	44664.3	3	4	0	70.415221	72.36	84.3	44.2	932.4	83.46	732.6077576	691.8964737	1424.504231	0	1	70	100	5	24
439	44664.3	3	4	0	70.475296	72.53	84.4	44.3	933.8	83.71	733.7598867	691.3080735	1425.06796	0	1	70	100	5	22
440	44664.31	3	4	0	70.573291	72.71	84.6	44.3	945	83.8	736.3596238	694.345224	1430.704848	0	1	70	100	5	19
441	44664.31	3	4	0	70.688929	72.76	84.7	44.3	932.5	84.01	738.7142105	695.9334946	1434.647705	0	1	70	100	5	15
442	44664.31	3	4	0	70.792229	72.96	84.8	44.5	939.1	84.14	738.1995911	695.3372228	1433.536814	0	1	70	100	5	12
443	44664.31	3	4	0	70.894635	73.02	85	44.5	941	84.24	515.1748439	484.8064274	999.9812713	0	1	70	100	5	9
444	44664.31	3	4	0	70.977389	73.16	85.1	44.5	930.6	84.36	148.1613201	137.2272449	285.388565	0	1	70	100	5	9
445	44664.31	3	4	0	71.057717	73.27	84.4	44.5	967.2	81.33	147.8527852	137.0197589	284.8725441	0	0	70	100	5	4
446	44664.31	3	4	0	71.150475	73.18	78.9	44.6	979.4	75.54	148.7708529	138.5688792	287.339732	0	0	70	100	5	3
447	44664.31	3	4	0	71.275197	72.89	74.7	44.6	972.7	73.47	149.0187401	138.7734013	287.7921415	0	0	70	100	5	0
448	44664.31	1	4	0	71.437418	72.42	71.7	44.6	983	71.7	156.2780456	139.9629113	296.240957	0	0	70	100	5	0
449	44664.31	1	1	1	71.562778	72.01	70.2	44.6	966.6	70.26	156.6243801	140.3613011	296.9856812	0	0	70	100	5	0
